Z = 0
1.67573e-01	1.89235e-01	2.07260e-01	2.14283e-01	2.10201e-01	1.95360e-01	1.70451e-01	1.42307e-01	1.32452e-01	1.39944e-01	1.44642e-01	1.40989e-01	1.28967e-01	1.07929e-01	7.78652e-02	4.94182e-02	1.74478e-02	   
1.88462e-01	1.99999e-01	2.11682e-01	2.16277e-01	2.11981e-01	1.98997e-01	1.79312e-01	1.59476e-01	1.49250e-01	1.48556e-01	1.48210e-01	1.42292e-01	1.28952e-01	1.07030e-01	7.66473e-02	4.83652e-02	1.70168e-02	   
2.06200e-01	2.11170e-01	2.16733e-01	2.18308e-01	2.13716e-01	2.03001e-01	1.88284e-01	1.73748e-01	1.63352e-01	1.57371e-01	1.52284e-01	1.43655e-01	1.28127e-01	1.04335e-01	7.34045e-02	4.56962e-02	1.59478e-02	   
2.13385e-01	2.15695e-01	2.18101e-01	2.17789e-01	2.12984e-01	2.03657e-01	1.91461e-01	1.79028e-01	1.68542e-01	1.60373e-01	1.52881e-01	1.42652e-01	1.24479e-01	9.77853e-02	6.65714e-02	4.04382e-02	1.39144e-02	   
2.09387e-01	2.11462e-01	2.13548e-01	2.13014e-01	2.08186e-01	1.99034e-01	1.87106e-01	1.74835e-01	1.64213e-01	1.55544e-01	1.47189e-01	1.35387e-01	1.14751e-01	8.68362e-02	5.61069e-02	3.23192e-02	1.08356e-02	   
1.94534e-01	1.98648e-01	2.03103e-01	2.03943e-01	1.99280e-01	1.89160e-01	1.75401e-01	1.61516e-01	1.50737e-01	1.43071e-01	1.35193e-01	1.22183e-01	1.00420e-01	7.84123e-02	4.71956e-02	2.28613e-02	7.05004e-03	   
1.69974e-01	1.79501e-01	1.88921e-01	1.92162e-01	1.87742e-01	1.75868e-01	1.58200e-01	1.40047e-01	1.29212e-01	1.25077e-01	1.19176e-01	1.05524e-01	8.26281e-02	6.02411e-02	3.12512e-02	1.05662e-02	2.69291e-03	   
1.42562e-01	1.60409e-01	1.74956e-01	1.80113e-01	1.75828e-01	1.62467e-01	1.40667e-01	1.15795e-01	1.04852e-01	1.06233e-01	1.01930e-01	8.71990e-02	6.45835e-02	4.31981e-02	1.69006e-02	         
1.32810e-01	1.50293e-01	1.64687e-01	1.69772e-01	1.65344e-01	1.51792e-01	1.29905e-01	1.04921e-01	9.25909e-02	9.11532e-02	8.41303e-02	6.87094e-02	4.77646e-02	2.94615e-02	1.02926e-02	         
1.39830e-01	1.49095e-01	1.58380e-01	1.61483e-01	1.56568e-01	1.43842e-01	1.25317e-01	1.05857e-01	9.06898e-02	7.94031e-02	6.68297e-02	5.49201e-02	3.53429e-02	1.84051e-02	5.99219e-03	         
1.44455e-01	1.48436e-01	1.52925e-01	1.53715e-01	1.47919e-01	1.35559e-01	1.19049e-01	1.01438e-01	8.35956e-02	6.65131e-02	4.93250e-02	3.59868e-02	1.98886e-02	7.61958e-03	2.15353e-03	         
1.41064e-01	1.42513e-01	1.44078e-01	1.43205e-01	1.35764e-01	1.22115e-01	1.05165e-01	8.68910e-02	6.85572e-02	5.47687e-02	3.60222e-02	2.04836e-02	7.93687e-03	               
1.29144e-01	1.29161e-01	1.28443e-01	1.24944e-01	1.15099e-01	1.00329e-01	8.25141e-02	6.47898e-02	4.80464e-02	3.53219e-02	1.98618e-02	7.95542e-03	2.33774e-03	               
1.08020e-01	1.07150e-01	1.04582e-01	9.83164e-02	8.74954e-02	7.88520e-02	6.09265e-02	4.42948e-02	3.02891e-02	1.85422e-02	7.55196e-03	                     
7.84482e-02	7.72461e-02	7.40844e-02	6.74269e-02	5.69005e-02	4.75715e-02	3.16850e-02	1.75220e-02	1.07043e-02	6.04020e-03	2.11071e-03	                     
5.10094e-02	4.99309e-02	4.72275e-02	4.18765e-02	3.32900e-02	2.30161e-02	1.04969e-02	                                 
1.82048e-02	1.77551e-02	1.66516e-02	1.45319e-02	1.11886e-02	7.01800e-03	2.58971e-03	                                 
                                                      

Z = 1
8.17672e-02	1.30319e-01	1.51084e-01	1.56947e-01	1.53978e-01	1.42499e-01	1.17730e-01	6.96663e-02	6.44490e-02	9.61353e-02	1.05544e-01	1.03680e-01	9.62550e-02	8.53995e-02	7.37526e-02	1.47656e-01	6.30459e-02	   
1.28482e-01	1.43477e-01	1.54557e-01	1.58444e-01	1.55314e-01	1.45364e-01	1.28807e-01	1.08845e-01	1.01698e-01	1.06548e-01	1.08441e-01	1.04833e-01	9.64016e-02	8.47758e-02	7.25699e-02	1.44435e-01	6.14908e-02	   
1.49832e-01	1.54029e-01	1.58607e-01	1.59978e-01	1.56626e-01	1.48599e-01	1.37405e-01	1.26314e-01	1.18747e-01	1.14948e-01	1.12096e-01	1.07125e-01	9.69328e-02	8.28735e-02	6.93285e-02	1.36238e-01	5.76084e-02	   
1.56150e-01	1.57906e-01	1.59782e-01	1.59632e-01	1.56121e-01	1.49229e-01	1.40209e-01	1.31065e-01	1.23433e-01	1.17684e-01	1.13559e-01	1.11624e-01	9.89206e-02	7.84261e-02	6.26718e-02	1.20090e-01	5.01905e-02	   
1.53245e-01	1.54825e-01	1.56458e-01	1.56139e-01	1.52612e-01	1.45857e-01	1.37046e-01	1.28034e-01	1.20320e-01	1.14253e-01	1.09737e-01	1.07268e-01	9.47489e-02	8.50213e-02	6.38442e-02	9.77097e-02	3.90088e-02	   
1.41480e-01	1.44970e-01	1.48668e-01	1.49473e-01	1.46071e-01	1.38516e-01	1.28107e-01	1.17611e-01	1.09846e-01	1.04906e-01	1.00923e-01	9.68742e-02	9.46100e-02	2.10086e-01	1.45882e-01	7.81249e-02	2.49615e-02	   
1.16294e-01	1.28938e-01	1.37997e-01	1.40814e-01	1.37599e-01	1.28559e-01	1.13885e-01	9.61454e-02	8.88590e-02	9.11459e-02	8.97118e-02	8.38903e-02	8.00575e-02	1.85708e-01	1.14562e-01	3.79533e-02	9.45698e-03	   
6.98252e-02	1.10589e-01	1.27597e-01	1.31978e-01	1.28874e-01	1.18639e-01	9.74716e-02	5.71853e-02	5.19701e-02	7.78010e-02	8.04001e-02	6.98929e-02	6.18060e-02	1.30974e-01	6.16593e-02	         
6.45930e-02	1.03464e-01	1.20118e-01	1.24458e-01	1.21267e-01	1.10934e-01	9.01647e-02	5.19913e-02	4.60203e-02	6.74829e-02	6.88572e-02	6.62313e-02	5.38161e-02	8.96065e-02	3.71326e-02	         
9.50198e-02	1.06943e-01	1.15832e-01	1.18652e-01	1.15163e-01	1.05607e-01	9.12373e-02	7.66652e-02	6.62868e-02	6.18117e-02	6.26621e-02	1.45755e-01	1.07820e-01	6.29635e-02	2.12857e-02	         
1.05034e-01	1.08478e-01	1.12571e-01	1.14391e-01	1.10471e-01	1.01184e-01	8.93967e-02	7.97332e-02	6.81170e-02	6.40419e-02	5.64636e-02	1.13071e-01	7.30185e-02	2.74793e-02	7.59976e-03	         
1.03694e-01	1.04914e-01	1.07269e-01	1.12046e-01	1.07348e-01	9.65315e-02	8.32771e-02	6.94415e-02	6.42349e-02	1.45224e-01	1.10016e-01	7.09735e-02	2.87360e-02	               
9.63119e-02	9.64537e-02	9.70027e-02	9.93585e-02	9.49799e-02	9.69408e-02	8.17297e-02	6.35013e-02	5.42141e-02	1.10876e-01	7.29320e-02	2.87138e-02	8.24808e-03	               
8.50737e-02	8.44781e-02	8.28510e-02	7.87645e-02	8.31418e-02	2.10636e-01	1.82808e-01	1.30387e-01	8.99259e-02	6.42346e-02	2.74059e-02	                     
7.60802e-02	7.48869e-02	7.17683e-02	6.51795e-02	6.47045e-02	1.51539e-01	1.16849e-01	6.41064e-02	3.91084e-02	2.19043e-02	7.48098e-03	                     
1.48848e-01	1.45694e-01	1.37771e-01	1.21980e-01	9.86919e-02	8.03447e-02	3.83946e-02	                                 
6.67457e-02	6.51338e-02	6.11577e-02	5.34434e-02	4.10570e-02	2.55293e-02	9.18261e-03	                                 
                                                      

Z = 2
1.36652e-01	2.21831e-01	2.58320e-01	2.68653e-01	2.63592e-01	2.43707e-01	2.00514e-01	1.16507e-01	1.07736e-01	1.63734e-01	1.80707e-01	1.77949e-01	1.65670e-01	1.47758e-01	1.29955e-01	2.77220e-01	1.18866e-01	   
2.18684e-01	2.44889e-01	2.64355e-01	2.71232e-01	2.65893e-01	2.48689e-01	2.19944e-01	1.85351e-01	1.73180e-01	1.82011e-01	1.85791e-01	1.80007e-01	1.65989e-01	1.46726e-01	1.27888e-01	2.71218e-01	1.15957e-01	   
2.56020e-01	2.63360e-01	2.71407e-01	2.73884e-01	2.68161e-01	2.54333e-01	2.35015e-01	2.15933e-01	2.03036e-01	1.96774e-01	1.92276e-01	1.84197e-01	1.67138e-01	1.43554e-01	1.22212e-01	2.55935e-01	1.08680e-01	   
2.67092e-01	2.70180e-01	2.73496e-01	2.73314e-01	2.67319e-01	2.55482e-01	2.39977e-01	2.24295e-01	2.11299e-01	2.01670e-01	1.95050e-01	1.92646e-01	1.71251e-01	1.36105e-01	1.10557e-01	2.25726e-01	9.47084e-02	   
2.62147e-01	2.64927e-01	2.67821e-01	2.67347e-01	2.61325e-01	2.49729e-01	2.34593e-01	2.19151e-01	2.06030e-01	1.95881e-01	1.88656e-01	1.85447e-01	1.64803e-01	1.50459e-01	1.14352e-01	1.83704e-01	7.35527e-02	   
2.41818e-01	2.47929e-01	2.54445e-01	2.55938e-01	2.50136e-01	2.37138e-01	2.19202e-01	2.01183e-01	1.87999e-01	1.79854e-01	1.73609e-01	1.67628e-01	1.66854e-01	3.94440e-01	2.74975e-01	1.47243e-01	4.69525e-02	   
1.98055e-01	2.20166e-01	2.36103e-01	2.41124e-01	2.35648e-01	2.20046e-01	1.94616e-01	1.63943e-01	1.51635e-01	1.56209e-01	1.54485e-01	1.45323e-01	1.41594e-01	3.49649e-01	2.16341e-01	7.14297e-02	1.77417e-02	   
1.16778e-01	1.88342e-01	2.18265e-01	2.26028e-01	2.20752e-01	2.03067e-01	1.66218e-01	9.58388e-02	8.72075e-02	1.33494e-01	1.38962e-01	1.21286e-01	1.09256e-01	2.46387e-01	1.16346e-01	         
1.07978e-01	1.76215e-01	2.05526e-01	2.13232e-01	2.07820e-01	1.89990e-01	1.53879e-01	8.72364e-02	7.73402e-02	1.16036e-01	1.19597e-01	1.17044e-01	9.63531e-02	1.68549e-01	7.00313e-02	         
1.61820e-01	1.82697e-01	1.98377e-01	2.03457e-01	1.97565e-01	1.81135e-01	1.56374e-01	1.31529e-01	1.13976e-01	1.06812e-01	1.10523e-01	2.73674e-01	2.03204e-01	1.18724e-01	4.00664e-02	         
1.79722e-01	1.85791e-01	1.93100e-01	1.96527e-01	1.89964e-01	1.74047e-01	1.53875e-01	1.37701e-01	1.18229e-01	1.13075e-01	1.01197e-01	2.13004e-01	1.37864e-01	5.17398e-02	1.42717e-02	         
1.77840e-01	1.80052e-01	1.84407e-01	1.93370e-01	1.85591e-01	1.67026e-01	1.44206e-01	1.20402e-01	1.13284e-01	2.72598e-01	2.07287e-01	1.33806e-01	5.40833e-02	               
1.65642e-01	1.65975e-01	1.67198e-01	1.71980e-01	1.65205e-01	1.71207e-01	1.44708e-01	1.12377e-01	9.70705e-02	2.08875e-01	1.37692e-01	5.40417e-02	1.54758e-02	               
1.47145e-01	1.46181e-01	1.43533e-01	1.36716e-01	1.46980e-01	3.95602e-01	3.44344e-01	2.45396e-01	1.69268e-01	1.21153e-01	5.16039e-02	                     
1.34313e-01	1.32240e-01	1.26806e-01	1.15270e-01	1.16032e-01	2.85722e-01	2.20730e-01	1.21018e-01	7.38290e-02	4.12654e-02	1.40522e-02	                     
2.79804e-01	2.73939e-01	2.59178e-01	2.29630e-01	1.85873e-01	1.51601e-01	7.23199e-02	                                 
1.25991e-01	1.22978e-01	1.15527e-01	1.01001e-01	7.75686e-02	4.81064e-02	1.72464e-02	                                 
                                                      

Z = 3
1.97712e-01	3.20578e-01	3.73236e-01	3.88177e-01	3.80879e-01	3.52166e-01	2.89832e-01	1.68621e-01	1.55963e-01	2.36808e-01	2.61368e-01	2.57473e-01	2.39816e-01	2.13985e-01	1.88302e-01	4.01250e-01	1.72106e-01	   
3.16052e-01	3.53859e-01	3.81965e-01	3.91917e-01	3.84219e-01	3.59376e-01	3.17885e-01	2.67974e-01	2.50428e-01	2.63213e-01	2.68737e-01	2.60471e-01	2.40296e-01	2.12510e-01	1.85325e-01	3.92603e-01	1.67911e-01	   
3.69936e-01	3.80537e-01	3.92172e-01	3.95770e-01	3.87519e-01	3.67552e-01	3.39662e-01	3.12131e-01	2.93547e-01	2.84561e-01	2.78146e-01	2.66566e-01	2.41994e-01	2.07955e-01	1.77140e-01	3.70567e-01	1.57409e-01	   
3.85930e-01	3.90401e-01	3.95211e-01	3.94969e-01	3.86323e-01	3.69234e-01	3.46849e-01	3.24224e-01	3.05502e-01	2.91667e-01	2.82197e-01	2.78814e-01	2.47985e-01	1.97236e-01	1.60317e-01	3.26949e-01	1.37215e-01	   
3.78800e-01	3.82827e-01	3.87028e-01	3.86363e-01	3.77681e-01	3.60939e-01	3.39089e-01	3.16811e-01	2.97912e-01	2.83331e-01	2.72991e-01	2.68453e-01	2.38724e-01	2.18067e-01	1.65843e-01	2.66174e-01	1.06588e-01	   
3.49455e-01	3.58285e-01	3.67713e-01	3.69893e-01	3.61528e-01	3.42761e-01	3.16869e-01	2.90875e-01	2.71885e-01	2.60194e-01	2.51267e-01	2.42728e-01	2.41734e-01	5.70885e-01	3.98187e-01	2.13324e-01	6.80434e-02	   
2.86295e-01	3.18206e-01	3.41228e-01	3.48505e-01	3.40612e-01	3.18084e-01	2.81374e-01	2.37114e-01	2.19381e-01	2.26049e-01	2.23642e-01	2.10492e-01	2.05204e-01	5.06150e-01	3.13272e-01	1.03473e-01	2.57083e-02	   
1.69014e-01	2.72282e-01	3.15485e-01	3.26726e-01	3.19123e-01	2.93587e-01	2.40393e-01	1.38796e-01	1.26347e-01	1.93252e-01	2.01220e-01	1.75747e-01	1.58412e-01	3.56818e-01	1.68525e-01	         
1.56317e-01	2.54803e-01	2.97132e-01	3.08293e-01	3.00500e-01	2.74755e-01	2.22620e-01	1.26392e-01	1.12109e-01	1.68063e-01	1.73267e-01	1.69651e-01	1.39741e-01	2.44196e-01	1.01475e-01	         
2.34064e-01	2.64210e-01	2.86877e-01	2.94253e-01	2.85770e-01	2.62051e-01	2.26297e-01	1.90431e-01	1.65101e-01	1.54782e-01	1.60197e-01	3.96199e-01	2.94293e-01	1.72008e-01	5.80632e-02	         
2.59972e-01	2.68754e-01	2.79347e-01	2.84341e-01	2.74897e-01	2.51921e-01	2.22784e-01	1.99423e-01	1.71311e-01	1.63907e-01	1.46739e-01	3.08468e-01	1.99663e-01	7.49526e-02	2.06808e-02	         
2.57336e-01	2.60554e-01	2.66886e-01	2.79877e-01	2.68687e-01	2.41895e-01	2.08914e-01	1.74492e-01	1.64215e-01	3.94658e-01	3.00193e-01	1.93814e-01	7.83435e-02	               
2.39802e-01	2.40303e-01	2.42105e-01	2.49058e-01	2.39329e-01	2.48078e-01	2.09750e-01	1.62946e-01	1.40774e-01	3.02498e-01	1.99411e-01	7.82793e-02	2.24207e-02	               
2.13143e-01	2.11764e-01	2.07960e-01	1.98138e-01	2.13037e-01	5.72602e-01	4.98475e-01	3.55316e-01	2.45157e-01	1.75492e-01	7.47536e-02	                     
1.94645e-01	1.91656e-01	1.83814e-01	1.67145e-01	1.68264e-01	4.13720e-01	3.19579e-01	1.75216e-01	1.06909e-01	5.97726e-02	2.03595e-02	                     
4.04919e-01	3.96464e-01	3.75167e-01	3.32488e-01	2.69213e-01	2.19583e-01	1.04745e-01	                                 
1.82317e-01	1.77972e-01	1.67217e-01	1.46225e-01	1.12328e-01	6.96828e-02	2.49867e-02	                                 
                                                      

Z = 4
2.51029e-01	4.07061e-01	4.73940e-01	4.92926e-01	4.83678e-01	4.47240e-01	3.68100e-01	2.14168e-01	1.98128e-01	3.00903e-01	3.32167e-01	3.27270e-01	3.04877e-01	2.72084e-01	2.39465e-01	5.10333e-01	2.18914e-01	   
4.01311e-01	4.49330e-01	4.85030e-01	4.97682e-01	4.87926e-01	4.56405e-01	4.03743e-01	3.40387e-01	3.18151e-01	3.34458e-01	3.41536e-01	3.31086e-01	3.05494e-01	2.70215e-01	2.35684e-01	4.99348e-01	2.13584e-01	   
4.69750e-01	4.83217e-01	4.98002e-01	5.02587e-01	4.92130e-01	4.66802e-01	4.31418e-01	3.96496e-01	3.72945e-01	3.61591e-01	3.53502e-01	3.38845e-01	3.07664e-01	2.64433e-01	2.25284e-01	4.71342e-01	2.00235e-01	   
4.90075e-01	4.95758e-01	5.01878e-01	5.01587e-01	4.90631e-01	4.68957e-01	4.40564e-01	4.11873e-01	3.88147e-01	3.70632e-01	3.58664e-01	3.54431e-01	3.15296e-01	2.50813e-01	2.03898e-01	4.15885e-01	1.74557e-01	   
4.81040e-01	4.86161e-01	4.91508e-01	4.90682e-01	4.79678e-01	4.58444e-01	4.30727e-01	4.02475e-01	3.78521e-01	3.60058e-01	3.46983e-01	3.41280e-01	3.03539e-01	2.77317e-01	2.10937e-01	3.38602e-01	1.35608e-01	   
4.43799e-01	4.55021e-01	4.67009e-01	4.69795e-01	4.59192e-01	4.35381e-01	4.02526e-01	3.69546e-01	3.45473e-01	3.30679e-01	3.19395e-01	3.08597e-01	3.07389e-01	7.26053e-01	5.06492e-01	2.71394e-01	8.65771e-02	   
3.63607e-01	4.04153e-01	4.33409e-01	4.42668e-01	4.32663e-01	4.04070e-01	3.57461e-01	3.01260e-01	2.78777e-01	2.87313e-01	2.84308e-01	2.67637e-01	2.60956e-01	6.43761e-01	3.98502e-01	1.31647e-01	3.27134e-02	   
2.14668e-01	3.45863e-01	4.00760e-01	4.15052e-01	4.05413e-01	3.72994e-01	3.05430e-01	1.76354e-01	1.60568e-01	2.45661e-01	2.55834e-01	2.23480e-01	2.01467e-01	4.53859e-01	2.14380e-01	         
1.98579e-01	3.23715e-01	3.77503e-01	3.91694e-01	3.81811e-01	3.49123e-01	2.82898e-01	1.60627e-01	1.42503e-01	2.13675e-01	2.20324e-01	2.15753e-01	1.77737e-01	3.10634e-01	1.29097e-01	         
2.97420e-01	3.35730e-01	3.64539e-01	3.73922e-01	3.63162e-01	3.33044e-01	2.87632e-01	2.42076e-01	2.09910e-01	1.96820e-01	2.03731e-01	5.03930e-01	3.74358e-01	2.18832e-01	7.38765e-02	         
3.30401e-01	3.41566e-01	3.55036e-01	3.61396e-01	3.49413e-01	3.20233e-01	2.83223e-01	2.53555e-01	2.17840e-01	2.08452e-01	1.86640e-01	3.92389e-01	2.54011e-01	9.53654e-02	2.63156e-02	         
3.27108e-01	3.31203e-01	3.39261e-01	3.55792e-01	3.41586e-01	3.07544e-01	2.65635e-01	2.21889e-01	2.08846e-01	5.01982e-01	3.81869e-01	2.46573e-01	9.96787e-02	               
3.04873e-01	3.05515e-01	3.07816e-01	3.16671e-01	3.04317e-01	3.15464e-01	2.66744e-01	2.07239e-01	1.79058e-01	3.84802e-01	2.53694e-01	9.95987e-02	2.85294e-02	               
2.71024e-01	2.69274e-01	2.64447e-01	2.51968e-01	2.70929e-01	7.28259e-01	6.34027e-01	4.51976e-01	3.11874e-01	2.23268e-01	9.51123e-02	                     
2.47542e-01	2.43745e-01	2.33780e-01	2.12590e-01	2.14023e-01	5.26262e-01	4.06540e-01	2.22907e-01	1.36018e-01	7.60533e-02	2.59068e-02	                     
5.15038e-01	5.04295e-01	4.77222e-01	4.22954e-01	3.42484e-01	2.79360e-01	1.33267e-01	                                 
2.31924e-01	2.26401e-01	2.12728e-01	1.86032e-01	1.42917e-01	8.86643e-02	3.17951e-02	                                 
                                                      

Z = 5
2.95316e-01	4.78880e-01	5.57570e-01	5.79928e-01	5.69077e-01	5.26240e-01	4.33159e-01	2.52054e-01	2.33221e-01	3.54256e-01	3.91112e-01	3.85389e-01	3.59052e-01	3.20455e-01	2.82053e-01	6.01114e-01	2.57858e-01	   
4.72116e-01	5.28612e-01	5.70625e-01	5.85532e-01	5.74084e-01	5.37034e-01	4.75113e-01	4.00610e-01	3.74501e-01	3.93757e-01	4.02143e-01	3.89882e-01	3.59779e-01	3.18253e-01	2.77600e-01	5.88176e-01	2.51581e-01	   
5.52641e-01	5.68493e-01	5.85903e-01	5.91320e-01	5.79048e-01	5.49286e-01	5.07698e-01	4.66658e-01	4.39003e-01	4.25701e-01	4.16233e-01	3.99020e-01	3.62335e-01	3.11444e-01	2.65351e-01	5.55189e-01	2.35857e-01	   
5.76574e-01	5.83270e-01	5.90486e-01	5.90168e-01	5.77309e-01	5.51845e-01	5.18481e-01	4.84772e-01	4.56907e-01	4.36351e-01	4.22316e-01	4.17378e-01	3.71325e-01	2.95403e-01	2.40161e-01	4.89868e-01	2.05612e-01	   
5.65974e-01	5.72008e-01	5.78318e-01	5.77370e-01	5.64451e-01	5.39501e-01	5.06927e-01	4.73728e-01	4.45590e-01	4.23912e-01	4.08570e-01	4.01896e-01	3.57482e-01	3.26621e-01	2.48451e-01	3.98835e-01	1.59733e-01	   
5.22191e-01	5.35407e-01	5.49530e-01	5.52832e-01	5.40382e-01	5.12392e-01	4.73761e-01	4.34989e-01	4.06702e-01	3.89337e-01	3.76095e-01	3.63415e-01	3.62021e-01	8.55141e-01	5.96565e-01	3.19668e-01	1.01979e-01	   
4.27872e-01	4.75597e-01	5.10043e-01	5.20959e-01	5.09207e-01	4.75580e-01	4.20749e-01	3.54630e-01	3.28204e-01	3.38296e-01	3.34792e-01	3.15186e-01	3.07339e-01	7.58219e-01	4.69365e-01	1.55062e-01	3.85331e-02	   
2.52643e-01	4.07057e-01	4.71679e-01	4.88516e-01	4.77189e-01	4.39050e-01	3.59540e-01	2.07613e-01	1.89052e-01	2.89273e-01	3.01277e-01	2.63193e-01	2.37280e-01	5.34557e-01	2.52501e-01	         
2.33754e-01	3.81052e-01	4.44371e-01	4.61086e-01	4.49465e-01	4.11002e-01	3.33057e-01	1.89123e-01	1.67801e-01	2.51627e-01	2.59473e-01	2.54103e-01	2.09338e-01	3.65870e-01	1.52054e-01	         
3.50160e-01	3.95258e-01	4.29174e-01	4.40227e-01	4.27569e-01	3.92124e-01	3.38674e-01	2.85055e-01	2.47195e-01	2.31792e-01	2.39944e-01	5.93522e-01	4.40923e-01	2.57747e-01	8.70149e-02	         
3.89038e-01	4.02182e-01	4.18043e-01	4.25537e-01	4.11434e-01	3.77085e-01	3.33518e-01	2.98596e-01	2.56549e-01	2.45505e-01	2.19822e-01	4.62159e-01	2.99179e-01	1.12325e-01	3.09960e-02	         
3.85203e-01	3.90025e-01	3.99515e-01	4.18986e-01	4.02260e-01	3.62178e-01	3.12832e-01	2.61322e-01	2.45970e-01	5.91231e-01	4.49771e-01	2.90422e-01	1.17406e-01	               
3.59053e-01	3.59809e-01	3.62519e-01	3.72949e-01	3.58402e-01	3.71536e-01	3.14161e-01	2.44082e-01	2.10896e-01	4.53228e-01	2.98809e-01	1.17312e-01	3.36036e-02	               
3.19212e-01	3.17151e-01	3.11466e-01	2.96768e-01	3.19101e-01	8.57751e-01	7.46763e-01	5.32346e-01	3.67337e-01	2.62976e-01	1.12029e-01	                     
2.91573e-01	2.87101e-01	2.75363e-01	2.50404e-01	2.52091e-01	6.19859e-01	4.78839e-01	2.62547e-01	1.60209e-01	8.95805e-02	3.05150e-02	                     
6.06669e-01	5.94015e-01	5.62127e-01	4.98205e-01	4.03416e-01	3.29058e-01	1.56973e-01	                                 
2.73189e-01	2.66684e-01	2.50579e-01	2.19133e-01	1.68346e-01	1.04440e-01	3.74526e-02	                                 
                                                      

Z = 6
3.28920e-01	5.33382e-01	6.21050e-01	6.45987e-01	6.33945e-01	5.86280e-01	4.82635e-01	2.80894e-01	2.59969e-01	3.94967e-01	4.36124e-01	4.29795e-01	4.00463e-01	3.57440e-01	3.14623e-01	6.70549e-01	2.87648e-01	   
5.25848e-01	5.88786e-01	6.35604e-01	6.52243e-01	6.39538e-01	5.98321e-01	5.29399e-01	4.46460e-01	4.17451e-01	4.39001e-01	4.48421e-01	4.34804e-01	4.01272e-01	3.54983e-01	3.09654e-01	6.56113e-01	2.80644e-01	   
6.15561e-01	6.33229e-01	6.52645e-01	6.58716e-01	6.45094e-01	6.11998e-01	5.65733e-01	5.20086e-01	4.89355e-01	4.74613e-01	4.64130e-01	4.44993e-01	4.04121e-01	3.47385e-01	2.95989e-01	6.19312e-01	2.63103e-01	   
6.42252e-01	6.49723e-01	6.57788e-01	6.57471e-01	6.43193e-01	6.14883e-01	5.77779e-01	5.40295e-01	5.09324e-01	4.86491e-01	4.70915e-01	4.65465e-01	4.14144e-01	3.29490e-01	2.67888e-01	5.46442e-01	2.29362e-01	   
6.30489e-01	6.37226e-01	6.44281e-01	6.43262e-01	6.28914e-01	6.01169e-01	5.64935e-01	5.28010e-01	4.96724e-01	4.72632e-01	4.55592e-01	4.48200e-01	3.98703e-01	3.64306e-01	2.77131e-01	4.44891e-01	1.78181e-01	   
5.81769e-01	5.96509e-01	6.12272e-01	6.15984e-01	6.02152e-01	5.71008e-01	5.28009e-01	4.84857e-01	4.53393e-01	4.34097e-01	4.19388e-01	4.05288e-01	4.03766e-01	9.53799e-01	6.65417e-01	3.56576e-01	1.13756e-01	   
4.76745e-01	5.29940e-01	5.68349e-01	5.80542e-01	5.67478e-01	5.30037e-01	4.68964e-01	3.95309e-01	3.65903e-01	3.77207e-01	3.73341e-01	3.51506e-01	3.42779e-01	8.45687e-01	5.23528e-01	1.72962e-01	4.29827e-02	   
2.81550e-01	4.53647e-01	5.25684e-01	5.44470e-01	5.31869e-01	4.89384e-01	4.00783e-01	2.31449e-01	2.10785e-01	3.22566e-01	3.35979e-01	2.93527e-01	2.64642e-01	5.96219e-01	2.81633e-01	         
2.60565e-01	4.24755e-01	4.95340e-01	5.13984e-01	5.01046e-01	4.58187e-01	3.71314e-01	2.10864e-01	1.87111e-01	2.80606e-01	2.89371e-01	2.83396e-01	2.33479e-01	4.08074e-01	1.69596e-01	         
3.90404e-01	4.40677e-01	4.78487e-01	4.90814e-01	4.76711e-01	4.37206e-01	3.77628e-01	3.17863e-01	2.75664e-01	2.58500e-01	2.67602e-01	6.61959e-01	4.91775e-01	2.87479e-01	9.70536e-02	         
4.33814e-01	4.48468e-01	4.66151e-01	4.74508e-01	4.58787e-01	4.20492e-01	3.71921e-01	3.32990e-01	2.86112e-01	2.73805e-01	2.45168e-01	5.15456e-01	3.33686e-01	1.25282e-01	3.45720e-02	         
4.29591e-01	4.34966e-01	4.45547e-01	4.67260e-01	4.48608e-01	4.03910e-01	3.48882e-01	2.91441e-01	2.74326e-01	6.59405e-01	5.01641e-01	3.23918e-01	1.30948e-01	               
4.00467e-01	4.01309e-01	4.04328e-01	4.15957e-01	3.99730e-01	4.14380e-01	3.50389e-01	2.72229e-01	2.35218e-01	5.05501e-01	3.33273e-01	1.30843e-01	3.74798e-02	               
3.56056e-01	3.53756e-01	3.47411e-01	3.31014e-01	3.55920e-01	9.56714e-01	8.32912e-01	5.93755e-01	4.09711e-01	2.93312e-01	1.24952e-01	                     
3.25245e-01	3.20256e-01	3.07160e-01	2.79315e-01	2.81192e-01	6.91402e-01	5.34096e-01	2.92839e-01	1.78692e-01	9.99156e-02	3.40357e-02	                     
6.76752e-01	6.62633e-01	6.27057e-01	5.55746e-01	4.50003e-01	3.67052e-01	1.75094e-01	                                 
3.04752e-01	2.97494e-01	2.79526e-01	2.44446e-01	1.87790e-01	1.16502e-01	4.17779e-02	                                 
                                                      

Z = 7
3.50561e-01	5.68493e-01	6.61968e-01	6.88604e-01	6.75843e-01	6.25117e-01	5.14700e-01	2.99637e-01	2.77420e-01	4.21612e-01	4.65650e-01	4.58978e-01	4.27717e-01	3.81806e-01	3.36096e-01	7.16347e-01	3.07300e-01	   
5.60464e-01	6.27561e-01	6.77500e-01	6.95294e-01	6.81828e-01	6.37981e-01	5.64600e-01	4.76273e-01	4.45470e-01	4.68606e-01	4.78775e-01	4.64323e-01	4.28577e-01	3.79179e-01	3.30786e-01	7.00921e-01	2.99816e-01	   
6.56117e-01	6.74969e-01	6.95706e-01	7.02238e-01	6.87796e-01	6.52608e-01	6.03392e-01	5.54844e-01	5.22207e-01	5.06615e-01	4.95542e-01	4.75198e-01	4.31614e-01	3.71058e-01	3.16185e-01	6.61598e-01	2.81073e-01	   
6.84623e-01	6.92609e-01	7.01249e-01	7.00973e-01	6.85830e-01	6.55740e-01	6.16287e-01	5.76437e-01	5.43532e-01	5.19298e-01	5.02786e-01	4.97057e-01	4.42313e-01	3.51936e-01	2.86161e-01	5.83743e-01	2.45024e-01	   
6.72159e-01	6.79364e-01	6.86930e-01	6.85904e-01	6.70679e-01	6.41180e-01	6.02639e-01	5.63366e-01	5.30110e-01	5.04518e-01	4.86430e-01	4.78619e-01	4.25815e-01	3.89115e-01	2.96025e-01	4.75250e-01	1.90345e-01	   
6.20308e-01	6.36050e-01	6.52902e-01	6.56916e-01	6.42230e-01	6.09086e-01	5.63304e-01	5.17363e-01	4.83895e-01	4.63403e-01	4.47786e-01	4.32796e-01	4.31222e-01	1.01874e+00	7.10762e-01	3.80898e-01	1.21520e-01	   
5.08417e-01	5.65179e-01	6.06184e-01	6.19237e-01	6.05353e-01	5.65468e-01	5.00372e-01	4.21849e-01	3.90550e-01	4.02698e-01	3.98636e-01	3.75368e-01	3.66086e-01	9.03247e-01	5.59187e-01	1.84754e-01	4.59157e-02	   
3.00337e-01	4.83941e-01	5.60817e-01	5.80892e-01	5.67485e-01	5.22196e-01	4.27692e-01	2.47020e-01	2.25010e-01	3.44395e-01	3.58760e-01	3.13458e-01	2.82635e-01	6.36787e-01	3.00806e-01	         
2.78057e-01	4.53265e-01	5.28594e-01	5.48506e-01	5.34723e-01	4.89013e-01	3.96326e-01	2.25095e-01	1.99769e-01	2.99622e-01	3.09008e-01	3.02649e-01	2.49354e-01	4.35837e-01	1.81137e-01	         
4.16743e-01	4.70396e-01	5.10750e-01	5.23912e-01	5.08872e-01	4.66721e-01	4.03147e-01	3.39374e-01	2.94346e-01	2.76039e-01	2.85776e-01	7.06948e-01	5.25215e-01	3.07037e-01	1.03658e-01	         
4.63186e-01	4.78825e-01	4.97699e-01	5.06621e-01	4.89840e-01	4.48964e-01	3.97118e-01	3.55567e-01	3.05528e-01	2.92401e-01	2.61829e-01	5.50498e-01	3.56378e-01	1.33805e-01	3.69248e-02	         
4.58761e-01	4.64496e-01	4.75789e-01	4.98972e-01	4.79052e-01	4.31322e-01	3.72564e-01	3.11230e-01	2.92962e-01	7.04221e-01	5.35744e-01	3.45944e-01	1.39854e-01	               
4.27722e-01	4.28617e-01	4.31835e-01	4.44248e-01	4.26911e-01	4.42557e-01	3.74212e-01	2.90738e-01	2.51211e-01	5.39874e-01	3.55938e-01	1.39742e-01	4.00293e-02	               
3.80328e-01	3.77868e-01	3.71085e-01	3.53563e-01	3.80157e-01	1.02185e+00	8.89600e-01	6.34155e-01	4.37586e-01	3.13267e-01	1.33453e-01	                     
3.47444e-01	3.42112e-01	3.28117e-01	2.98367e-01	3.00364e-01	7.38515e-01	5.70473e-01	3.12774e-01	1.90853e-01	1.06715e-01	3.63521e-02	                     
7.22976e-01	7.07887e-01	6.69873e-01	5.93682e-01	4.80711e-01	3.92087e-01	1.87031e-01	                                 
3.25573e-01	3.17818e-01	2.98619e-01	2.61138e-01	2.00610e-01	1.24454e-01	4.46290e-02	                                 
                                                      

Z = 8
3.59347e-01	5.82768e-01	6.78649e-01	7.06051e-01	6.93093e-01	6.41225e-01	5.28121e-01	3.07589e-01	2.84962e-01	4.33301e-01	4.78741e-01	4.72026e-01	4.39984e-01	3.92825e-01	3.45841e-01	7.37169e-01	3.16243e-01	   
5.74538e-01	6.43350e-01	6.94607e-01	7.12947e-01	6.99269e-01	6.54461e-01	5.79372e-01	4.88951e-01	4.57576e-01	4.81580e-01	4.92225e-01	4.77517e-01	4.40862e-01	3.90116e-01	3.40372e-01	7.21286e-01	3.08537e-01	   
6.72653e-01	6.92012e-01	7.13340e-01	7.20137e-01	7.05462e-01	6.69539e-01	6.19249e-01	5.69661e-01	5.36406e-01	5.20630e-01	5.09452e-01	4.88691e-01	4.43975e-01	3.81751e-01	3.25340e-01	6.80806e-01	2.89243e-01	   
7.01971e-01	7.10195e-01	7.19124e-01	7.18943e-01	7.03546e-01	6.72846e-01	6.32562e-01	5.91885e-01	5.58338e-01	5.33671e-01	5.16898e-01	5.11162e-01	4.54968e-01	3.62066e-01	2.94437e-01	6.00674e-01	2.52140e-01	   
6.89316e-01	6.96744e-01	7.04576e-01	7.03623e-01	6.88131e-01	6.58015e-01	6.18639e-01	5.78526e-01	5.44588e-01	5.18503e-01	5.00091e-01	4.92197e-01	4.37988e-01	4.00299e-01	3.04571e-01	4.89015e-01	1.95867e-01	   
6.36291e-01	6.52482e-01	6.69843e-01	6.74055e-01	6.59094e-01	6.25204e-01	5.78353e-01	5.31350e-01	4.97159e-01	4.76281e-01	4.60378e-01	4.45075e-01	4.43546e-01	1.04799e+00	7.31242e-01	3.91912e-01	1.25041e-01	   
5.21674e-01	5.79969e-01	6.22118e-01	6.35592e-01	6.21427e-01	5.80576e-01	5.13840e-01	4.33317e-01	4.01307e-01	4.13932e-01	4.09869e-01	3.86024e-01	3.76543e-01	9.29151e-01	5.75270e-01	1.90088e-01	4.72454e-02	   
3.08308e-01	4.96825e-01	5.75796e-01	5.96462e-01	5.82757e-01	5.36315e-01	4.39320e-01	2.53789e-01	2.31253e-01	3.54054e-01	3.68896e-01	3.22366e-01	2.90706e-01	6.55028e-01	3.09438e-01	         
2.85619e-01	4.65581e-01	5.42966e-01	5.63446e-01	5.49327e-01	5.02417e-01	4.07241e-01	2.31341e-01	2.05363e-01	3.08071e-01	3.17766e-01	3.11264e-01	2.56476e-01	4.48314e-01	1.86329e-01	         
4.28301e-01	4.83418e-01	5.24877e-01	5.38410e-01	5.22974e-01	4.79688e-01	4.14392e-01	3.48892e-01	3.02647e-01	2.83857e-01	2.93900e-01	7.27102e-01	5.40219e-01	3.15826e-01	1.06629e-01	         
4.76209e-01	4.92275e-01	5.11666e-01	5.20837e-01	5.03593e-01	4.61584e-01	4.08306e-01	3.65613e-01	3.14187e-01	3.00714e-01	2.69290e-01	5.66208e-01	3.66562e-01	1.37635e-01	3.79829e-02	         
4.71803e-01	4.77693e-01	4.89296e-01	5.13128e-01	4.92638e-01	4.43556e-01	3.83137e-01	3.20073e-01	3.01300e-01	7.24297e-01	5.51033e-01	3.55826e-01	1.43852e-01	               
4.39987e-01	4.40901e-01	4.44199e-01	4.56954e-01	4.39111e-01	4.55202e-01	3.84898e-01	2.99039e-01	2.58385e-01	5.55294e-01	3.66108e-01	1.43737e-01	4.11742e-02	               
3.91302e-01	3.88765e-01	3.81776e-01	3.63737e-01	3.91080e-01	1.05118e+00	9.15103e-01	6.52316e-01	4.50113e-01	3.22232e-01	1.37272e-01	                     
3.57517e-01	3.52024e-01	3.37616e-01	3.06994e-01	3.09032e-01	7.59784e-01	5.86873e-01	3.21747e-01	1.96323e-01	1.09773e-01	3.73940e-02	                     
7.43989e-01	7.28452e-01	6.89318e-01	6.10897e-01	4.94631e-01	4.03420e-01	1.92428e-01	                                 
3.35046e-01	3.27061e-01	3.07297e-01	2.68720e-01	2.06428e-01	1.28060e-01	4.59218e-02	                                 
                                                      

Z = 9
3.54783e-01	5.75411e-01	6.70176e-01	6.97389e-01	6.84799e-01	6.33809e-01	5.22288e-01	3.04433e-01	2.82353e-01	4.29729e-01	4.75109e-01	4.68698e-01	4.37065e-01	3.90337e-01	3.43726e-01	7.32753e-01	3.14366e-01	   
5.67286e-01	6.35274e-01	6.85987e-01	7.04257e-01	6.90963e-01	6.46959e-01	5.73054e-01	4.83996e-01	4.53371e-01	4.77577e-01	4.88472e-01	4.74137e-01	4.37927e-01	3.87635e-01	3.38284e-01	7.16950e-01	3.06700e-01	   
6.64257e-01	6.83426e-01	7.04594e-01	7.11472e-01	6.97198e-01	6.61982e-01	6.12610e-01	5.63966e-01	5.31489e-01	5.16281e-01	5.05549e-01	4.85214e-01	4.41000e-01	3.79306e-01	3.23330e-01	6.76689e-01	2.87511e-01	   
6.93361e-01	7.01541e-01	7.10473e-01	7.10461e-01	6.95469e-01	6.65404e-01	6.25909e-01	5.86056e-01	5.53260e-01	5.29219e-01	5.12932e-01	5.07510e-01	4.51896e-01	3.59727e-01	2.92602e-01	5.97012e-01	2.50618e-01	   
6.81069e-01	6.88470e-01	6.96326e-01	6.95547e-01	6.80441e-01	6.50919e-01	6.12276e-01	5.72930e-01	5.39700e-01	5.14211e-01	4.96265e-01	4.88673e-01	4.35013e-01	3.97685e-01	3.02646e-01	4.86003e-01	1.94676e-01	   
6.28932e-01	6.45006e-01	6.62288e-01	6.66604e-01	6.51988e-01	6.18675e-01	5.72562e-01	5.26322e-01	4.92777e-01	4.72394e-01	4.56882e-01	4.41889e-01	4.40527e-01	1.04109e+00	7.26555e-01	3.89466e-01	1.24274e-01	   
5.15909e-01	5.73649e-01	6.15454e-01	6.28912e-01	6.15039e-01	5.74766e-01	5.08871e-01	4.29326e-01	3.97858e-01	4.10629e-01	4.06798e-01	3.83271e-01	3.73971e-01	9.22983e-01	5.71533e-01	1.88886e-01	4.69540e-02	   
3.05144e-01	4.91794e-01	5.70042e-01	5.90590e-01	5.77122e-01	5.31243e-01	4.35277e-01	2.51548e-01	2.29345e-01	3.51319e-01	3.66180e-01	3.20083e-01	2.88716e-01	6.50642e-01	3.07393e-01	         
2.83005e-01	4.61301e-01	5.37986e-01	5.58319e-01	5.44393e-01	4.97986e-01	4.03741e-01	2.29433e-01	2.03761e-01	3.05772e-01	3.15475e-01	3.09084e-01	2.54722e-01	4.45300e-01	1.85087e-01	         
4.24774e-01	4.79395e-01	5.20485e-01	5.33913e-01	5.18640e-01	4.75768e-01	4.11081e-01	3.46196e-01	3.00390e-01	2.81799e-01	2.91824e-01	7.22065e-01	5.36531e-01	3.13700e-01	1.05917e-01	         
4.72597e-01	4.88518e-01	5.07738e-01	5.16832e-01	4.99731e-01	4.58071e-01	4.05239e-01	3.62918e-01	3.11921e-01	2.98590e-01	2.67417e-01	5.62314e-01	3.64065e-01	1.36708e-01	3.77296e-02	         
4.68474e-01	4.74307e-01	4.85806e-01	5.09452e-01	4.89101e-01	4.40371e-01	3.80398e-01	3.17801e-01	2.99188e-01	7.19277e-01	5.47243e-01	3.53396e-01	1.42875e-01	               
4.37064e-01	4.37959e-01	4.41215e-01	4.53859e-01	4.36118e-01	4.52095e-01	3.82262e-01	2.96988e-01	2.56617e-01	5.51499e-01	3.63613e-01	1.42760e-01	4.08954e-02	               
3.88818e-01	3.86287e-01	3.79324e-01	3.61379e-01	3.88518e-01	1.04424e+00	9.09008e-01	6.47939e-01	4.47084e-01	3.20061e-01	1.36346e-01	                     
3.55327e-01	3.49860e-01	3.35526e-01	3.05076e-01	3.07074e-01	7.54893e-01	5.83043e-01	3.19615e-01	1.95013e-01	1.09040e-01	3.71446e-02	                     
7.39525e-01	7.24066e-01	6.85140e-01	6.07163e-01	4.91576e-01	4.00892e-01	1.91208e-01	                                 
3.33054e-01	3.25110e-01	3.05452e-01	2.67094e-01	2.05169e-01	1.27273e-01	4.56388e-02	                                 
                                                      

Z = 10
3.36781e-01	5.46274e-01	6.36374e-01	6.62445e-01	6.50821e-01	6.02793e-01	4.97203e-01	2.90236e-01	2.69739e-01	4.11229e-01	4.55203e-01	4.49493e-01	4.19465e-01	3.74813e-01	3.30181e-01	7.04025e-01	3.02070e-01	   
5.38564e-01	6.03169e-01	6.51456e-01	6.69042e-01	6.56760e-01	6.15394e-01	5.45655e-01	4.61520e-01	4.33086e-01	4.56952e-01	4.67972e-01	4.54685e-01	4.20273e-01	3.72203e-01	3.24941e-01	6.88818e-01	2.94695e-01	   
6.30759e-01	6.49027e-01	6.69275e-01	6.76052e-01	6.62848e-01	6.29853e-01	5.83492e-01	5.37893e-01	5.07714e-01	4.93938e-01	4.84292e-01	4.65273e-01	4.23189e-01	3.64178e-01	3.10555e-01	6.50096e-01	2.76241e-01	   
6.58626e-01	6.66468e-01	6.75105e-01	6.75341e-01	6.61449e-01	6.33338e-01	5.96355e-01	5.59097e-01	5.28568e-01	5.06321e-01	4.91349e-01	4.86626e-01	4.33606e-01	3.45344e-01	2.81015e-01	5.73503e-01	2.40776e-01	   
6.47283e-01	6.54398e-01	6.62026e-01	6.61528e-01	6.47497e-01	6.19844e-01	5.83596e-01	5.46736e-01	5.15713e-01	4.92013e-01	4.75399e-01	4.68550e-01	4.17376e-01	3.81740e-01	2.90618e-01	4.66817e-01	1.87014e-01	   
5.98156e-01	6.13544e-01	6.30154e-01	6.34489e-01	6.20867e-01	5.89507e-01	5.46012e-01	5.02447e-01	4.71012e-01	4.52095e-01	4.37717e-01	4.23693e-01	4.22657e-01	9.99269e-01	6.97571e-01	3.74040e-01	1.19373e-01	   
4.91127e-01	5.46230e-01	5.86212e-01	5.99226e-01	5.86236e-01	5.48118e-01	4.85586e-01	4.10043e-01	3.80442e-01	3.93116e-01	3.89804e-01	3.67508e-01	3.58788e-01	8.85812e-01	5.48651e-01	1.81380e-01	4.50998e-02	   
2.90912e-01	4.68962e-01	5.43693e-01	5.63426e-01	5.50739e-01	5.07147e-01	4.15731e-01	2.40422e-01	2.19448e-01	3.36494e-01	3.50969e-01	3.06947e-01	2.76988e-01	6.24380e-01	2.95032e-01	         
2.70366e-01	4.40656e-01	5.13915e-01	5.33396e-01	5.20192e-01	4.75986e-01	3.86065e-01	2.19534e-01	1.95134e-01	2.93015e-01	3.02455e-01	2.96444e-01	2.44378e-01	4.27306e-01	1.77627e-01	         
4.06493e-01	4.58683e-01	4.97948e-01	5.10798e-01	4.96238e-01	4.55311e-01	3.93538e-01	3.31587e-01	2.87859e-01	2.70149e-01	2.79857e-01	6.92631e-01	5.14755e-01	3.01020e-01	1.01647e-01	         
4.52796e-01	4.68007e-01	4.86374e-01	4.95069e-01	4.78701e-01	4.38839e-01	3.88298e-01	3.47836e-01	2.99047e-01	2.86347e-01	2.56505e-01	5.39442e-01	3.49299e-01	1.31181e-01	3.62086e-02	         
4.49271e-01	4.54838e-01	4.65827e-01	4.88469e-01	4.68940e-01	4.22220e-01	3.64738e-01	3.04750e-01	2.86947e-01	6.89952e-01	5.24985e-01	3.39052e-01	1.37085e-01	               
4.19454e-01	4.20292e-01	4.23381e-01	4.35472e-01	4.18417e-01	4.33740e-01	3.66728e-01	2.84916e-01	2.46193e-01	5.29107e-01	3.48862e-01	1.36975e-01	3.92400e-02	               
3.73345e-01	3.70898e-01	3.64182e-01	3.46915e-01	3.72924e-01	1.00224e+00	8.72363e-01	6.21767e-01	4.29012e-01	3.07118e-01	1.30833e-01	                     
3.41318e-01	3.36053e-01	3.22260e-01	2.92985e-01	2.94860e-01	7.24742e-01	5.59672e-01	3.06750e-01	1.87149e-01	1.04643e-01	3.56473e-02	                     
7.10518e-01	6.95640e-01	6.58199e-01	5.83238e-01	4.72155e-01	3.84995e-01	1.83600e-01	                                 
3.20019e-01	3.12375e-01	2.93470e-01	2.56596e-01	1.97089e-01	1.22251e-01	4.38369e-02	                                 
                                                      

Z = 11
3.05747e-01	4.95957e-01	5.77858e-01	6.01800e-01	5.91737e-01	5.48794e-01	4.53501e-01	2.65485e-01	2.47721e-01	3.78874e-01	4.20309e-01	4.15741e-01	3.88457e-01	3.47407e-01	3.06228e-01	6.53171e-01	2.80294e-01	   
4.88963e-01	5.47625e-01	5.91554e-01	6.07789e-01	5.97147e-01	5.60314e-01	4.97824e-01	4.22278e-01	3.97649e-01	4.20875e-01	4.32034e-01	4.20501e-01	3.89174e-01	3.44963e-01	3.01349e-01	6.39028e-01	2.73437e-01	   
5.72776e-01	5.89359e-01	6.07820e-01	6.14235e-01	6.02772e-01	5.73607e-01	5.32517e-01	4.92278e-01	4.66135e-01	4.54836e-01	4.47024e-01	4.30235e-01	3.91821e-01	3.37481e-01	2.87976e-01	6.03046e-01	2.56291e-01	   
5.98353e-01	6.05471e-01	6.13390e-01	6.13859e-01	6.01763e-01	5.77036e-01	5.44487e-01	5.11840e-01	4.85331e-01	4.66219e-01	4.53502e-01	4.49931e-01	4.01404e-01	3.19975e-01	2.60544e-01	5.31928e-01	2.23362e-01	   
5.88543e-01	5.95022e-01	6.02046e-01	6.01844e-01	5.89574e-01	5.65176e-01	5.33176e-01	5.00761e-01	4.73671e-01	4.53115e-01	4.38798e-01	4.33192e-01	3.86333e-01	3.53629e-01	2.69383e-01	4.32902e-01	1.73465e-01	   
5.44585e-01	5.58650e-01	5.73903e-01	5.78095e-01	5.66112e-01	5.38160e-01	4.99311e-01	4.60518e-01	4.32843e-01	4.16506e-01	4.04090e-01	3.91723e-01	3.91208e-01	9.25562e-01	6.46438e-01	3.46790e-01	1.10708e-01	   
4.47960e-01	4.98370e-01	5.35021e-01	5.47121e-01	5.35596e-01	5.01242e-01	4.44648e-01	3.76182e-01	3.49892e-01	3.62399e-01	3.59978e-01	3.39809e-01	3.32071e-01	8.20340e-01	5.08312e-01	1.68130e-01	4.18230e-02	   
2.66103e-01	4.29098e-01	4.97595e-01	5.15807e-01	5.04428e-01	4.64830e-01	3.81407e-01	2.20896e-01	2.02087e-01	3.10484e-01	3.24262e-01	2.83863e-01	2.56356e-01	5.78143e-01	2.73258e-01	         
2.48302e-01	4.04590e-01	4.71813e-01	4.89748e-01	4.77768e-01	4.37400e-01	3.55055e-01	2.02167e-01	1.79997e-01	2.70621e-01	2.79587e-01	2.74226e-01	2.26184e-01	3.95637e-01	1.64493e-01	         
3.74518e-01	4.22450e-01	4.58499e-01	4.70312e-01	4.56976e-01	4.19441e-01	3.62767e-01	3.05952e-01	2.65862e-01	2.49690e-01	2.58828e-01	6.40883e-01	4.76453e-01	2.78706e-01	9.41298e-02	         
4.18084e-01	4.32048e-01	4.48915e-01	4.56900e-01	4.41811e-01	4.05092e-01	3.58562e-01	3.21355e-01	2.76433e-01	2.64832e-01	2.37321e-01	4.99224e-01	3.23326e-01	1.21456e-01	3.35312e-02	         
4.15522e-01	4.20623e-01	4.30718e-01	4.51600e-01	4.33516e-01	3.90327e-01	3.37222e-01	2.81814e-01	2.65431e-01	6.38394e-01	4.85844e-01	3.13823e-01	1.26900e-01	               
3.88429e-01	3.89170e-01	3.91972e-01	4.03100e-01	3.87263e-01	4.01437e-01	3.39397e-01	2.63680e-01	2.27856e-01	4.89721e-01	3.22916e-01	1.26797e-01	3.63276e-02	               
3.46028e-01	3.43734e-01	3.37463e-01	3.21406e-01	3.45435e-01	9.28243e-01	8.07822e-01	5.75692e-01	3.97204e-01	2.84343e-01	1.21131e-01	                     
3.16544e-01	3.11641e-01	2.98814e-01	2.71626e-01	2.73297e-01	6.71555e-01	5.18474e-01	2.84092e-01	1.73305e-01	9.69018e-02	3.30113e-02	                     
6.59172e-01	6.45332e-01	6.10534e-01	5.40928e-01	4.37828e-01	3.56918e-01	1.70174e-01	                                 
2.96936e-01	2.89828e-01	2.72261e-01	2.38023e-01	1.82800e-01	1.13373e-01	4.06521e-02	                                 
                                                      

Z = 12
2.63044e-01	4.26455e-01	4.96629e-01	5.17267e-01	5.09267e-01	4.73562e-01	3.92867e-01	2.31343e-01	2.17542e-01	3.34681e-01	3.72697e-01	3.69681e-01	3.46113e-01	3.09953e-01	2.73469e-01	5.83594e-01	2.50495e-01	   
4.20470e-01	4.70498e-01	5.07730e-01	5.21552e-01	5.13081e-01	4.82914e-01	4.31085e-01	3.67982e-01	3.48988e-01	3.71555e-01	3.82984e-01	3.73849e-01	3.46707e-01	3.07739e-01	2.69087e-01	5.70912e-01	2.44348e-01	   
4.92340e-01	5.05886e-01	5.20804e-01	5.25926e-01	5.16778e-01	4.93561e-01	4.60817e-01	4.28913e-01	4.08923e-01	4.01326e-01	3.96137e-01	3.82411e-01	3.48989e-01	3.01005e-01	2.57103e-01	5.38688e-01	2.28996e-01	   
5.14424e-01	5.19627e-01	5.25205e-01	5.25119e-01	5.15417e-01	4.96121e-01	4.71059e-01	4.45978e-01	4.25741e-01	4.11295e-01	4.01806e-01	3.99841e-01	3.57437e-01	2.85317e-01	2.32560e-01	4.75070e-01	1.99540e-01	   
5.06642e-01	5.11330e-01	5.16174e-01	5.15506e-01	5.05590e-01	4.86454e-01	4.61694e-01	4.36620e-01	4.15689e-01	3.99819e-01	3.88795e-01	3.84927e-01	3.43951e-01	3.15236e-01	2.40363e-01	3.86533e-01	1.54934e-01	   
4.70013e-01	4.81547e-01	4.93862e-01	4.97083e-01	4.87294e-01	4.64729e-01	4.33377e-01	4.02123e-01	3.80233e-01	3.67752e-01	3.58151e-01	3.48084e-01	3.48276e-01	8.24912e-01	5.76585e-01	3.09545e-01	9.88616e-02	   
3.88096e-01	4.31605e-01	4.63015e-01	4.73352e-01	4.63792e-01	4.35052e-01	3.87304e-01	3.29193e-01	3.07854e-01	3.20351e-01	3.19240e-01	3.02004e-01	2.95606e-01	7.30954e-01	4.53221e-01	1.50025e-01	3.73432e-02	   
2.31884e-01	3.73939e-01	4.33536e-01	4.49398e-01	4.39776e-01	4.05864e-01	3.33765e-01	1.93935e-01	1.78260e-01	2.74918e-01	2.87796e-01	2.52359e-01	2.28198e-01	5.15033e-01	2.43533e-01	         
2.18056e-01	3.55051e-01	4.13855e-01	4.29552e-01	4.19221e-01	3.84186e-01	3.12369e-01	1.78330e-01	1.59284e-01	2.40030e-01	2.48372e-01	2.43908e-01	2.01356e-01	3.52416e-01	1.46566e-01	         
3.30838e-01	3.72903e-01	4.04495e-01	4.14836e-01	4.03156e-01	3.70282e-01	3.20630e-01	2.70894e-01	2.35813e-01	2.21761e-01	2.30132e-01	5.70274e-01	4.24191e-01	2.48257e-01	8.38708e-02	         
3.70713e-01	3.82960e-01	3.97755e-01	4.04752e-01	3.91398e-01	3.58976e-01	3.17939e-01	2.85193e-01	2.45564e-01	2.35473e-01	2.11147e-01	4.44351e-01	2.87888e-01	1.08187e-01	2.98775e-02	         
3.69462e-01	3.73923e-01	3.82792e-01	4.01267e-01	3.85154e-01	3.46788e-01	2.99662e-01	2.50511e-01	2.36070e-01	5.68044e-01	4.32440e-01	2.79403e-01	1.13004e-01	               
3.46059e-01	3.46670e-01	3.49083e-01	3.58899e-01	3.44727e-01	3.57339e-01	3.02090e-01	2.34696e-01	2.02834e-01	4.35979e-01	2.87514e-01	1.12912e-01	3.23541e-02	               
3.08696e-01	3.06613e-01	3.00955e-01	2.86558e-01	3.07890e-01	8.27191e-01	7.19707e-01	5.12801e-01	3.53793e-01	2.53262e-01	1.07893e-01	                     
2.82664e-01	2.78258e-01	2.66758e-01	2.42428e-01	2.43831e-01	5.98898e-01	4.62212e-01	2.53159e-01	1.54408e-01	8.63368e-02	2.94139e-02	                     
5.88922e-01	5.76508e-01	5.45337e-01	4.83065e-01	3.90895e-01	3.18543e-01	1.51828e-01	                                 
2.65349e-01	2.58976e-01	2.43245e-01	2.12617e-01	1.63257e-01	1.01235e-01	3.62980e-02	                                 
                                                      

Z = 13
2.12149e-01	3.43152e-01	3.98559e-01	4.14590e-01	4.08912e-01	3.82265e-01	3.19660e-01	1.90343e-01	1.81435e-01	2.81823e-01	3.15670e-01	3.14403e-01	2.95195e-01	2.64844e-01	2.33967e-01	4.99635e-01	2.14523e-01	   
3.38441e-01	3.77144e-01	4.04556e-01	4.13889e-01	4.07876e-01	3.87028e-01	3.49620e-01	3.02484e-01	2.90673e-01	3.12540e-01	3.24233e-01	3.17865e-01	2.95647e-01	2.62913e-01	2.30190e-01	4.88726e-01	2.09239e-01	   
3.95421e-01	4.03333e-01	4.09607e-01	4.08090e-01	4.01604e-01	3.90343e-01	3.71827e-01	3.52035e-01	3.40216e-01	3.37255e-01	3.35179e-01	3.25026e-01	2.97500e-01	2.57090e-01	2.19889e-01	4.61053e-01	1.96058e-01	   
4.12790e-01	4.12873e-01	4.07849e-01	3.93515e-01	3.86688e-01	3.87181e-01	3.78689e-01	3.65699e-01	3.54052e-01	3.45490e-01	3.39868e-01	3.39742e-01	3.04596e-01	2.43605e-01	1.98838e-01	4.06500e-01	1.70801e-01	   
4.07291e-01	4.07011e-01	4.01479e-01	3.86785e-01	3.79714e-01	3.80066e-01	3.71568e-01	3.58334e-01	3.45880e-01	3.35934e-01	3.28874e-01	3.27019e-01	2.93026e-01	2.69044e-01	2.05410e-01	3.30633e-01	1.32585e-01	   
3.79719e-01	3.86228e-01	3.90658e-01	3.87703e-01	3.80469e-01	3.69176e-01	3.51056e-01	3.31011e-01	3.16910e-01	3.09302e-01	3.03088e-01	2.95725e-01	2.96695e-01	7.03850e-01	4.92492e-01	2.64666e-01	8.45782e-02	   
3.15895e-01	3.50126e-01	3.73484e-01	3.80174e-01	3.72880e-01	3.52241e-01	3.16792e-01	2.72222e-01	2.57310e-01	2.69939e-01	2.70402e-01	2.56641e-01	2.51799e-01	6.23476e-01	3.86932e-01	1.28218e-01	3.19430e-02	   
1.90801e-01	3.07367e-01	3.55689e-01	3.68240e-01	3.60650e-01	3.33927e-01	2.75963e-01	1.61414e-01	1.49653e-01	2.32278e-01	2.44066e-01	2.14551e-01	1.94375e-01	4.39172e-01	2.07786e-01	         
1.81865e-01	2.95654e-01	3.44187e-01	3.57044e-01	3.48638e-01	3.20069e-01	2.61013e-01	1.49705e-01	1.34443e-01	2.03349e-01	2.10926e-01	2.07513e-01	1.71532e-01	3.00471e-01	1.25015e-01	         
2.78585e-01	3.13601e-01	3.39805e-01	3.48332e-01	3.38607e-01	3.11316e-01	2.70096e-01	2.28856e-01	1.99779e-01	1.88258e-01	1.95692e-01	4.85490e-01	3.61409e-01	2.11663e-01	7.15380e-02	         
3.13969e-01	3.24155e-01	3.36460e-01	3.42259e-01	3.30973e-01	3.03694e-01	2.69232e-01	2.41825e-01	2.08531e-01	2.00235e-01	1.79720e-01	3.78447e-01	2.45315e-01	9.22392e-02	2.54851e-02	         
3.14182e-01	3.17880e-01	3.25284e-01	3.40872e-01	3.27127e-01	2.94548e-01	2.54594e-01	2.12944e-01	2.00823e-01	4.83570e-01	3.68301e-01	2.38055e-01	9.63089e-02	               
2.95113e-01	2.95573e-01	2.97528e-01	3.05779e-01	2.93620e-01	3.04358e-01	2.57275e-01	1.99883e-01	1.72777e-01	3.71421e-01	2.44985e-01	9.62286e-02	2.75797e-02	               
2.63737e-01	2.61915e-01	2.57006e-01	2.44619e-01	2.62724e-01	7.05658e-01	6.13768e-01	4.37208e-01	3.01620e-01	2.15910e-01	9.19829e-02	                     
2.41812e-01	2.38011e-01	2.28118e-01	2.07246e-01	2.08344e-01	5.11443e-01	3.94523e-01	2.15964e-01	1.31692e-01	7.36363e-02	2.50892e-02	                     
5.04155e-01	4.93472e-01	4.66694e-01	4.13291e-01	3.34321e-01	2.72309e-01	1.29735e-01	                                 
2.27222e-01	2.21742e-01	2.08233e-01	1.81971e-01	1.39690e-01	8.66012e-02	3.10490e-02	                                 
                                                      

Z = 14
1.59266e-01	2.56512e-01	2.96404e-01	3.07463e-01	3.03980e-01	2.86517e-01	2.42571e-01	1.46837e-01	1.42634e-01	2.24378e-01	2.53197e-01	2.53463e-01	2.38799e-01	2.14720e-01	1.89972e-01	4.06007e-01	1.74386e-01	   
2.53159e-01	2.79762e-01	2.96074e-01	2.99595e-01	2.95917e-01	2.85461e-01	2.63507e-01	2.32899e-01	2.28059e-01	2.48480e-01	2.59908e-01	2.56171e-01	2.39110e-01	2.13115e-01	1.86877e-01	3.97091e-01	1.70071e-01	   
2.94565e-01	2.95775e-01	2.88468e-01	2.67513e-01	2.63720e-01	2.76872e-01	2.77174e-01	2.70270e-01	2.66476e-01	2.67774e-01	2.68485e-01	2.61821e-01	2.40516e-01	2.08326e-01	1.78466e-01	3.74520e-01	1.59324e-01	   
3.06869e-01	3.00513e-01	2.70634e-01	1.78711e-01	1.75670e-01	2.58358e-01	2.80081e-01	2.80213e-01	2.77096e-01	2.74144e-01	2.72124e-01	2.73573e-01	2.46147e-01	1.97316e-01	1.61322e-01	3.30107e-01	1.38762e-01	   
3.03526e-01	2.96953e-01	2.66910e-01	1.75695e-01	1.72454e-01	2.53855e-01	2.75168e-01	2.74856e-01	2.70873e-01	2.66636e-01	2.63326e-01	2.63274e-01	2.36718e-01	2.17815e-01	1.66557e-01	2.68391e-01	1.07681e-01	   
2.85121e-01	2.85519e-01	2.77185e-01	2.55565e-01	2.50990e-01	2.63221e-01	2.62968e-01	2.55049e-01	2.48751e-01	2.45812e-01	2.42812e-01	2.38082e-01	2.39664e-01	5.69644e-01	3.99096e-01	2.14733e-01	6.86694e-02	   
2.39898e-01	2.63989e-01	2.77975e-01	2.79732e-01	2.74679e-01	2.63363e-01	2.41442e-01	2.11203e-01	2.02751e-01	2.15050e-01	2.16866e-01	2.06679e-01	2.03370e-01	5.04390e-01	3.13371e-01	1.03975e-01	2.59299e-02	   
1.47206e-01	2.36610e-01	2.72805e-01	2.81724e-01	2.76185e-01	2.56998e-01	2.14025e-01	1.26423e-01	1.18628e-01	1.85686e-01	1.96042e-01	1.72876e-01	1.56981e-01	3.55154e-01	1.68158e-01	         
1.42969e-01	2.31875e-01	2.69406e-01	2.79189e-01	2.72781e-01	2.51044e-01	2.05574e-01	1.18658e-01	1.07330e-01	1.63118e-01	1.69715e-01	1.67348e-01	1.38550e-01	2.42948e-01	1.01134e-01	         
2.21795e-01	2.49239e-01	2.69664e-01	2.76244e-01	2.68602e-01	2.47281e-01	2.15084e-01	1.82925e-01	1.60257e-01	1.51405e-01	1.57711e-01	3.91819e-01	2.91961e-01	1.71136e-01	5.78707e-02	         
2.51808e-01	2.59785e-01	2.69415e-01	2.73928e-01	2.64895e-01	2.43197e-01	2.15856e-01	1.94206e-01	1.67778e-01	1.61374e-01	1.45009e-01	3.05584e-01	1.98208e-01	7.45776e-02	2.06169e-02	         
2.53250e-01	2.56133e-01	2.61959e-01	2.74399e-01	2.63273e-01	2.37057e-01	2.04969e-01	1.71544e-01	1.61931e-01	3.90247e-01	2.97389e-01	1.92310e-01	7.78296e-02	               
2.38695e-01	2.39006e-01	2.40486e-01	2.47039e-01	2.37131e-01	2.45796e-01	2.07744e-01	1.61401e-01	1.39541e-01	3.00015e-01	1.97929e-01	7.77632e-02	2.22929e-02	               
2.13790e-01	2.12271e-01	2.08218e-01	1.98092e-01	2.12648e-01	5.70970e-01	4.96420e-01	3.53505e-01	2.43852e-01	1.74550e-01	7.43642e-02	                     
1.96318e-01	1.93202e-01	1.85117e-01	1.68114e-01	1.68905e-01	4.14345e-01	3.19434e-01	1.74739e-01	1.06522e-01	5.95628e-02	2.02960e-02	                     
4.09637e-01	4.00902e-01	3.79053e-01	3.35570e-01	2.71341e-01	2.20883e-01	1.05180e-01	                                 
1.84686e-01	1.80210e-01	1.69193e-01	1.47812e-01	1.13434e-01	7.03037e-02	2.52040e-02	                                 
                                                      

Z = 15
1.10797e-01	1.77795e-01	2.04563e-01	2.11751e-01	2.09973e-01	1.99618e-01	1.71121e-01	1.05331e-01	1.04301e-01	1.66198e-01	1.88961e-01	1.90139e-01	1.79763e-01	1.61993e-01	1.43533e-01	3.06985e-01	1.31895e-01	   
1.75560e-01	1.92764e-01	2.02091e-01	2.03177e-01	2.01297e-01	1.96783e-01	1.85040e-01	1.66854e-01	1.66458e-01	1.83791e-01	1.93853e-01	1.92106e-01	1.79954e-01	1.60750e-01	1.41170e-01	3.00199e-01	1.28613e-01	   
2.03552e-01	2.02089e-01	1.93029e-01	1.75383e-01	1.73442e-01	1.87195e-01	1.93216e-01	1.93217e-01	1.94200e-01	1.97804e-01	2.00102e-01	1.96249e-01	1.80937e-01	1.57081e-01	1.34775e-01	2.83058e-01	1.20455e-01	   
2.11752e-01	2.04205e-01	1.77666e-01	1.10436e-01	1.08882e-01	1.71353e-01	1.94176e-01	2.00064e-01	2.01813e-01	2.02392e-01	2.02725e-01	2.04973e-01	1.85085e-01	1.48708e-01	1.21777e-01	2.49401e-01	1.04874e-01	   
2.10075e-01	2.02419e-01	1.75795e-01	1.08922e-01	1.07185e-01	1.68753e-01	1.91115e-01	1.96483e-01	1.97418e-01	1.96904e-01	1.96167e-01	1.97205e-01	1.77924e-01	1.64067e-01	1.25647e-01	2.02678e-01	8.13511e-02	   
1.98912e-01	1.97063e-01	1.87475e-01	1.69368e-01	1.66693e-01	1.79413e-01	1.84461e-01	1.83101e-01	1.81700e-01	1.81750e-01	1.80970e-01	1.78322e-01	1.80109e-01	4.28897e-01	3.00855e-01	1.62057e-01	5.18567e-02	   
1.69332e-01	1.85451e-01	1.93694e-01	1.93689e-01	1.90515e-01	1.84613e-01	1.71770e-01	1.52602e-01	1.48657e-01	1.59377e-01	1.61795e-01	1.54830e-01	1.52796e-01	3.79573e-01	2.36068e-01	7.84211e-02	1.95761e-02	   
1.05606e-01	1.69505e-01	1.94922e-01	2.00935e-01	1.97217e-01	1.84373e-01	1.54610e-01	9.21643e-02	8.74855e-02	1.38074e-01	1.46463e-01	1.29561e-01	1.17923e-01	2.67134e-01	1.26568e-01	         
1.04547e-01	1.69188e-01	1.96231e-01	2.03196e-01	1.98665e-01	1.83268e-01	1.50671e-01	8.75021e-02	7.97025e-02	1.21694e-01	1.26997e-01	1.25507e-01	1.04075e-01	1.82681e-01	7.60815e-02	         
1.64282e-01	1.84293e-01	1.99111e-01	2.03838e-01	1.98251e-01	1.82746e-01	1.59339e-01	1.36004e-01	1.19561e-01	1.13237e-01	1.18192e-01	2.94044e-01	2.19310e-01	1.28659e-01	4.35279e-02	         
1.87907e-01	1.93716e-01	2.00727e-01	2.03989e-01	1.97254e-01	1.81183e-01	1.60989e-01	1.45064e-01	1.25538e-01	1.20939e-01	1.08792e-01	2.29419e-01	1.48892e-01	5.60592e-02	1.55060e-02	         
1.89951e-01	1.92039e-01	1.96300e-01	2.05529e-01	1.97138e-01	1.77496e-01	1.53505e-01	1.28534e-01	1.21427e-01	2.92846e-01	2.23263e-01	1.44429e-01	5.84692e-02	               
1.79655e-01	1.79842e-01	1.80873e-01	1.85706e-01	1.78183e-01	1.84673e-01	1.56046e-01	1.21220e-01	1.04807e-01	2.25337e-01	1.48673e-01	5.84177e-02	1.67498e-02	               
1.61266e-01	1.60086e-01	1.56967e-01	1.49258e-01	1.60135e-01	4.29788e-01	3.73480e-01	2.65837e-01	1.83336e-01	1.31211e-01	5.58957e-02	                     
1.48309e-01	1.45929e-01	1.39776e-01	1.26883e-01	1.27394e-01	3.12268e-01	2.40568e-01	1.31490e-01	8.01231e-02	4.47972e-02	1.52649e-02	                     
3.09686e-01	3.03035e-01	2.86438e-01	2.53484e-01	2.04869e-01	1.66662e-01	7.93125e-02	                                 
1.39660e-01	1.36256e-01	1.27892e-01	1.11692e-01	8.56830e-02	5.30857e-02	1.90287e-02	                                 
                                                      

Z = 16
6.91557e-02	1.10762e-01	1.27296e-01	1.31822e-01	1.31106e-01	1.25380e-01	1.08394e-01	6.75737e-02	6.78977e-02	1.09232e-01	1.24986e-01	1.26340e-01	1.19799e-01	1.08143e-01	9.59117e-02	2.05510e-01	8.82988e-02	   
1.09389e-01	1.19861e-01	1.25386e-01	1.26028e-01	1.25264e-01	1.23316e-01	1.17146e-01	1.07007e-01	1.08191e-01	1.20690e-01	1.28183e-01	1.27617e-01	1.19899e-01	1.07290e-01	9.43129e-02	2.00926e-01	8.60845e-02	   
1.26716e-01	1.25404e-01	1.19304e-01	1.08262e-01	1.07453e-01	1.16970e-01	1.22222e-01	1.23919e-01	1.26162e-01	1.29815e-01	1.32263e-01	1.30323e-01	1.20505e-01	1.04793e-01	8.99994e-02	1.89374e-01	8.05925e-02	   
1.31895e-01	1.26687e-01	1.09648e-01	6.79369e-02	6.72551e-02	1.06976e-01	1.22826e-01	1.28362e-01	1.31127e-01	1.32804e-01	1.33962e-01	1.36077e-01	1.23209e-01	9.91362e-02	8.12597e-02	1.66751e-01	7.01306e-02	   
1.31243e-01	1.25987e-01	1.08895e-01	6.72931e-02	6.64675e-02	1.05653e-01	1.21130e-01	1.26222e-01	1.28354e-01	1.29228e-01	1.29611e-01	1.30867e-01	1.18367e-01	1.09311e-01	8.37849e-02	1.35418e-01	5.43728e-02	   
1.24984e-01	1.23524e-01	1.17175e-01	1.05809e-01	1.04427e-01	1.13103e-01	1.17432e-01	1.17906e-01	1.18284e-01	1.19353e-01	1.19575e-01	1.18285e-01	1.19782e-01	2.86035e-01	2.00791e-01	1.08233e-01	3.46478e-02	   
1.07279e-01	1.17436e-01	1.22559e-01	1.22565e-01	1.20791e-01	1.17543e-01	1.10069e-01	9.86184e-02	9.69868e-02	1.04787e-01	1.06934e-01	1.02669e-01	1.01556e-01	2.52973e-01	1.57458e-01	5.23549e-02	1.30788e-02	   
6.77523e-02	1.08716e-01	1.25017e-01	1.28916e-01	1.26685e-01	1.18721e-01	9.99168e-02	5.99256e-02	5.73248e-02	9.09676e-02	9.68533e-02	8.58890e-02	7.83187e-02	1.77870e-01	8.43246e-02	         
6.80609e-02	1.09950e-01	1.27458e-01	1.31997e-01	1.29135e-01	1.19280e-01	9.82855e-02	5.73355e-02	5.24655e-02	8.03306e-02	8.40316e-02	8.32116e-02	6.90921e-02	1.21546e-01	5.06438e-02	         
1.07978e-01	1.20999e-01	1.30641e-01	1.33718e-01	1.30076e-01	1.19974e-01	1.04738e-01	8.95994e-02	7.89247e-02	7.48556e-02	7.82732e-02	1.95282e-01	1.45775e-01	8.55844e-02	2.89665e-02	         
1.24285e-01	1.28073e-01	1.32646e-01	1.34763e-01	1.30292e-01	1.19678e-01	1.06373e-01	9.59144e-02	8.30614e-02	8.00931e-02	7.21058e-02	1.52379e-01	9.89708e-02	3.72892e-02	1.03191e-02	         
1.26201e-01	1.27553e-01	1.30331e-01	1.36414e-01	1.30784e-01	1.17696e-01	1.01755e-01	8.51877e-02	8.04970e-02	1.94480e-01	1.48292e-01	9.59563e-02	3.88604e-02	               
1.19706e-01	1.19800e-01	1.20436e-01	1.23594e-01	1.18507e-01	1.22783e-01	1.03686e-01	8.04985e-02	6.95802e-02	1.49778e-01	9.88245e-02	3.88278e-02	1.11333e-02	               
1.07627e-01	1.06815e-01	1.04688e-01	9.94803e-02	1.06668e-01	2.86569e-01	2.48873e-01	1.77022e-01	1.22018e-01	8.72948e-02	3.71807e-02	                     
9.90848e-02	9.74742e-02	9.33257e-02	8.46609e-02	8.49483e-02	2.08385e-01	1.60452e-01	8.76288e-02	5.33652e-02	2.98248e-02	1.01610e-02	                     
2.07346e-01	2.02853e-01	1.91669e-01	1.69524e-01	1.36919e-01	1.11318e-01	5.29494e-02	                                 
9.35434e-02	9.12461e-02	8.56151e-02	7.47352e-02	5.73027e-02	3.54834e-02	1.27158e-02	                                 
                                                      

Z = 17
3.49031e-02	5.89440e-02	6.87344e-02	7.14582e-02	7.12439e-02	6.82054e-02	5.84236e-02	3.47784e-02	3.52765e-02	6.02791e-02	7.02452e-02	7.13815e-02	6.77434e-02	6.09590e-02	5.31622e-02	1.07066e-01	4.58252e-02	   
5.82537e-02	6.43888e-02	6.76702e-02	6.81468e-02	6.79124e-02	6.70873e-02	6.38076e-02	5.81990e-02	5.93414e-02	6.72602e-02	7.21184e-02	7.20900e-02	6.77726e-02	6.04540e-02	5.22650e-02	1.04653e-01	4.46644e-02	   
6.84537e-02	6.76830e-02	6.41152e-02	5.77328e-02	5.74716e-02	6.34152e-02	6.69482e-02	6.84111e-02	7.01871e-02	7.27267e-02	7.44631e-02	7.35409e-02	6.80167e-02	5.89896e-02	4.98522e-02	9.85807e-02	4.17928e-02	   
7.15029e-02	6.84820e-02	5.84421e-02	3.43973e-02	3.41618e-02	5.75447e-02	6.73905e-02	7.10899e-02	7.31460e-02	7.44988e-02	7.53853e-02	7.65176e-02	6.92553e-02	5.56878e-02	4.49683e-02	8.67391e-02	3.63526e-02	   
7.13212e-02	6.82817e-02	5.82136e-02	3.41845e-02	3.38621e-02	5.69607e-02	6.65661e-02	6.99730e-02	7.16278e-02	7.24813e-02	7.28738e-02	7.34497e-02	6.62048e-02	6.02095e-02	4.56580e-02	7.04031e-02	2.81992e-02	   
6.80160e-02	6.72010e-02	6.35284e-02	5.69551e-02	5.63371e-02	6.17430e-02	6.46490e-02	6.52953e-02	6.58859e-02	6.68292e-02	6.71340e-02	6.62953e-02	6.60616e-02	1.48564e-01	1.03996e-01	5.61130e-02	1.80074e-02	   
5.78552e-02	6.39645e-02	6.71310e-02	6.72732e-02	6.64065e-02	6.47115e-02	6.05094e-02	5.39587e-02	5.33124e-02	5.82962e-02	5.98586e-02	5.74359e-02	5.58224e-02	1.30965e-01	8.13583e-02	2.71699e-02	6.81407e-03	   
3.48690e-02	5.90864e-02	6.89773e-02	7.13805e-02	7.02165e-02	6.57155e-02	5.46366e-02	3.11411e-02	2.98439e-02	4.98931e-02	5.38987e-02	4.79298e-02	4.30485e-02	9.21072e-02	4.35701e-02	         
3.53674e-02	6.02621e-02	7.08544e-02	7.35908e-02	7.20268e-02	6.63972e-02	5.39950e-02	2.98606e-02	2.72573e-02	4.39186e-02	4.65167e-02	4.55952e-02	3.74855e-02	6.29171e-02	2.61647e-02	         
5.96562e-02	6.74430e-02	7.31648e-02	7.49791e-02	7.29275e-02	6.71585e-02	5.82822e-02	4.92046e-02	4.31963e-02	4.12953e-02	4.27805e-02	1.00867e-01	7.51791e-02	4.41808e-02	1.49900e-02	         
6.99374e-02	7.21037e-02	7.46890e-02	7.58308e-02	7.32522e-02	6.72090e-02	5.95896e-02	5.34521e-02	4.60404e-02	4.37459e-02	3.89187e-02	7.84959e-02	5.09459e-02	1.92722e-02	5.35177e-03	         
7.13754e-02	7.21076e-02	7.35726e-02	7.67197e-02	7.34109e-02	6.59791e-02	5.69584e-02	4.75908e-02	4.42079e-02	1.00496e-01	7.63831e-02	4.94294e-02	2.00658e-02	               
6.77527e-02	6.77686e-02	6.80109e-02	6.94921e-02	6.62908e-02	6.76317e-02	5.69421e-02	4.42078e-02	3.77569e-02	7.72811e-02	5.08762e-02	2.00491e-02	5.76736e-03	               
6.06951e-02	6.02057e-02	5.89295e-02	5.58774e-02	5.88202e-02	1.48801e-01	1.28792e-01	9.16357e-02	6.31274e-02	4.50556e-02	1.92168e-02	                     
5.48239e-02	5.39147e-02	5.15820e-02	4.67394e-02	4.62417e-02	1.07898e-01	8.28791e-02	4.52593e-02	2.75482e-02	1.54241e-02	5.26976e-03	                     
1.07899e-01	1.05529e-01	9.96450e-02	8.80542e-02	7.10671e-02	5.76478e-02	2.74562e-02	                                 
4.84933e-02	4.72877e-02	4.43422e-02	3.86828e-02	2.96626e-02	1.84110e-02	6.61868e-03	                                 
                                                      

Z = 18
2.81379e-02	7.09750e-02	8.97031e-02	9.36842e-02	9.35329e-02	8.93871e-02	7.08326e-02	2.83411e-02	2.89406e-02	7.40016e-02	9.34697e-02	9.52625e-02	8.93569e-02	7.59605e-02	5.53385e-02	3.53471e-02	1.25188e-02	   
6.92122e-02	8.18904e-02	8.80358e-02	8.87109e-02	8.85382e-02	8.76710e-02	8.17651e-02	6.99418e-02	7.16862e-02	8.72730e-02	9.59439e-02	9.60851e-02	8.92573e-02	7.52535e-02	5.44241e-02	3.45664e-02	1.22007e-02	   
8.90131e-02	8.80532e-02	8.16283e-02	6.87607e-02	6.85669e-02	8.11384e-02	8.78067e-02	8.99948e-02	9.26870e-02	9.65805e-02	9.89485e-02	9.68982e-02	8.85322e-02	7.32250e-02	5.20347e-02	3.26112e-02	1.14192e-02	   
9.37438e-02	8.94709e-02	7.05379e-02	2.78374e-02	2.76942e-02	6.98118e-02	8.87654e-02	9.42625e-02	9.73214e-02	9.92316e-02	9.94852e-02	9.61091e-02	8.58226e-02	6.84589e-02	4.70836e-02	2.88022e-02	9.94595e-03	   
9.36322e-02	8.93390e-02	7.03787e-02	2.77089e-02	2.74751e-02	6.91673e-02	8.77510e-02	9.28205e-02	9.52986e-02	9.64715e-02	9.58119e-02	9.10951e-02	7.89197e-02	6.06120e-02	3.95669e-02	2.29626e-02	7.72902e-03	   
8.88021e-02	8.78101e-02	8.12753e-02	6.81767e-02	6.74978e-02	7.92716e-02	8.50263e-02	8.60480e-02	8.70083e-02	8.84947e-02	8.79531e-02	8.21111e-02	6.88970e-02	5.45761e-02	3.31732e-02	1.61914e-02	5.01698e-03	   
6.91849e-02	8.19533e-02	8.80298e-02	8.82718e-02	8.72091e-02	8.50990e-02	7.79853e-02	6.52086e-02	6.44336e-02	7.45906e-02	7.73646e-02	7.08746e-02	5.65608e-02	4.17761e-02	2.18658e-02	7.45678e-03	1.91365e-03	   
2.84032e-02	7.19524e-02	9.10371e-02	9.46010e-02	9.31078e-02	8.68790e-02	6.68657e-02	2.56151e-02	2.42268e-02	5.72274e-02	6.62338e-02	5.85890e-02	4.41486e-02	2.98625e-02	1.17577e-02	         
2.90324e-02	7.37653e-02	9.38499e-02	9.77986e-02	9.57279e-02	8.79380e-02	6.60656e-02	2.41503e-02	2.14119e-02	4.92150e-02	5.49207e-02	4.62620e-02	3.26467e-02	2.03320e-02	7.13727e-03	         
7.23329e-02	8.75393e-02	9.71750e-02	9.97632e-02	9.69529e-02	8.89326e-02	7.46711e-02	5.56582e-02	4.77135e-02	4.86416e-02	4.40856e-02	3.71446e-02	2.41853e-02	1.26939e-02	4.15149e-03	         
9.28499e-02	9.59752e-02	9.92824e-02	9.99153e-02	9.61723e-02	8.80989e-02	7.71601e-02	6.54816e-02	5.41878e-02	4.38180e-02	3.30595e-02	2.44446e-02	1.36213e-02	5.25250e-03	1.49171e-03	         
9.53884e-02	9.62256e-02	9.71266e-02	9.63992e-02	9.12613e-02	8.19918e-02	7.05991e-02	5.84243e-02	4.62170e-02	3.70600e-02	2.44738e-02	1.39836e-02	5.43967e-03	               
8.94727e-02	8.93802e-02	8.87052e-02	8.60832e-02	7.90963e-02	6.87788e-02	5.64512e-02	4.42845e-02	3.28484e-02	2.41797e-02	1.36069e-02	5.45342e-03	1.60470e-03	               
7.60048e-02	7.53114e-02	7.33623e-02	6.87881e-02	6.10285e-02	5.48387e-02	4.22254e-02	3.06156e-02	2.09079e-02	1.27939e-02	5.20874e-03	                     
5.57411e-02	5.48346e-02	5.24974e-02	4.76657e-02	4.01034e-02	3.34144e-02	2.21556e-02	1.21883e-02	7.42550e-03	4.18745e-03	1.46340e-03	                     
3.64822e-02	3.56810e-02	3.36973e-02	2.98183e-02	2.36458e-02	1.62978e-02	7.40707e-03	                                 
1.30614e-02	1.27291e-02	1.19216e-02	1.03856e-02	7.98050e-03	4.99587e-03	1.84192e-03	                                 
                                                      

