Z = 0
7.16674e-02	8.09940e-02	8.92121e-02	9.24323e-02	9.06783e-02	8.41154e-02	7.29964e-02	6.08874e-02	5.66323e-02	5.98700e-02	6.22605e-02	6.08816e-02	5.58160e-02	4.66816e-02	3.20548e-02	1.41007e-02	4.18447e-03	   
8.06967e-02	8.59638e-02	9.12561e-02	9.33343e-02	9.14846e-02	8.58017e-02	7.70968e-02	6.83023e-02	6.39038e-02	6.38509e-02	6.39245e-02	6.15048e-02	5.58539e-02	4.63217e-02	3.15825e-02	1.38225e-02	4.08409e-03	   
8.88893e-02	9.11121e-02	9.35666e-02	9.42646e-02	9.22828e-02	8.76423e-02	8.12457e-02	7.49092e-02	7.04309e-02	6.79339e-02	6.58339e-02	6.22128e-02	5.56050e-02	4.52381e-02	3.03220e-02	1.31101e-02	3.83125e-03	   
9.22187e-02	9.31991e-02	9.42197e-02	9.40738e-02	9.19983e-02	8.79795e-02	8.27296e-02	7.73786e-02	7.28615e-02	6.93597e-02	6.62007e-02	6.18253e-02	5.40559e-02	4.25122e-02	2.75825e-02	1.16134e-02	3.32306e-03	   
9.04938e-02	9.13730e-02	9.22559e-02	9.20139e-02	8.99285e-02	8.59860e-02	8.08521e-02	7.55720e-02	7.09994e-02	6.72915e-02	6.37806e-02	5.87004e-02	4.93822e-02	3.60841e-02	2.18904e-02	8.84161e-03	2.50242e-03	   
8.38812e-02	8.57234e-02	8.76915e-02	8.80691e-02	8.60574e-02	8.16779e-02	7.57051e-02	6.96671e-02	6.50379e-02	6.18388e-02	5.85766e-02	5.29526e-02	4.17030e-02	2.44800e-02	1.23683e-02	5.09787e-03	1.53789e-03	   
7.28211e-02	7.71787e-02	8.14568e-02	8.29366e-02	8.10342e-02	7.58483e-02	6.80580e-02	6.00490e-02	5.54261e-02	5.39144e-02	5.16233e-02	4.57010e-02	3.37972e-02	1.66792e-02	6.53206e-03	2.20999e-03	6.49910e-04	   
6.09956e-02	6.86721e-02	7.53148e-02	7.76992e-02	7.58602e-02	6.99763e-02	6.02902e-02	4.96340e-02	4.49712e-02	4.56021e-02	4.40796e-02	3.78006e-02	2.64880e-02	1.19821e-02	3.81361e-03	         
5.67811e-02	6.43171e-02	7.08881e-02	7.32403e-02	7.13442e-02	6.53906e-02	5.56974e-02	4.50023e-02	3.97519e-02	3.91466e-02	3.60690e-02	2.85985e-02	1.86419e-02	7.97876e-03	2.37779e-03	         
5.98450e-02	6.40777e-02	6.82988e-02	6.97388e-02	6.76432e-02	6.21193e-02	5.40199e-02	4.54674e-02	3.89819e-02	3.42937e-02	2.76850e-02	1.71870e-02	9.38817e-03	4.13671e-03	1.31587e-03	         
6.22829e-02	6.40808e-02	6.61097e-02	6.65364e-02	6.40918e-02	5.87816e-02	5.16574e-02	4.39520e-02	3.59110e-02	2.76407e-02	1.90948e-02	9.46726e-03	4.04518e-03	1.57902e-03	5.15761e-04	         
6.10537e-02	6.16999e-02	6.24404e-02	6.20851e-02	5.89286e-02	5.31045e-02	4.57530e-02	3.77744e-02	2.85272e-02	1.71582e-02	9.50605e-03	4.46239e-03	1.62700e-03	               
5.60545e-02	5.60787e-02	5.58191e-02	5.42698e-02	4.95624e-02	4.18674e-02	3.39375e-02	2.66041e-02	1.86833e-02	9.33615e-03	4.03470e-03	1.62325e-03	5.51583e-04	               
4.69173e-02	4.65453e-02	4.54505e-02	4.27003e-02	3.62012e-02	2.45756e-02	1.68433e-02	1.21666e-02	8.07737e-03	4.10808e-03	1.55806e-03	                     
3.23418e-02	3.18579e-02	3.05784e-02	2.77962e-02	2.19882e-02	1.23097e-02	6.51679e-03	3.82343e-03	2.36463e-03	1.27560e-03	4.95804e-04	                     
1.43236e-02	1.40323e-02	1.32940e-02	1.17574e-02	8.89885e-03	5.00512e-03	2.13830e-03	                                 
4.13689e-03	4.03241e-03	3.77414e-03	3.26427e-03	2.43630e-03	1.45150e-03	6.00056e-04	                                 
                                                      

Z = 1
4.22384e-01	5.10663e-01	5.77159e-01	5.99761e-01	5.88419e-01	5.44384e-01	4.60939e-01	3.59420e-01	3.33403e-01	3.77134e-01	4.03244e-01	3.96357e-01	3.66412e-01	3.12005e-01	2.12825e-01	7.07237e-02	1.60423e-02	   
5.04878e-01	5.49971e-01	5.90528e-01	6.05451e-01	5.93494e-01	5.55416e-01	4.93685e-01	4.27678e-01	3.99703e-01	4.08516e-01	4.14420e-01	4.00807e-01	3.67023e-01	3.09736e-01	2.09664e-01	6.93232e-02	1.56582e-02	   
5.71783e-01	5.88209e-01	6.05949e-01	6.11280e-01	5.98474e-01	5.67731e-01	5.24748e-01	4.82052e-01	4.53168e-01	4.38998e-01	4.28085e-01	4.07580e-01	3.67396e-01	3.03163e-01	2.01300e-01	6.57479e-02	1.46855e-02	   
5.96300e-01	6.03172e-01	6.10453e-01	6.09937e-01	5.96526e-01	5.70150e-01	5.35591e-01	5.00526e-01	4.71382e-01	4.49599e-01	4.32194e-01	4.09770e-01	3.61619e-01	2.86029e-01	1.82947e-01	5.81390e-02	1.26867e-02	   
5.85235e-01	5.91413e-01	5.97756e-01	5.96591e-01	5.83119e-01	5.57270e-01	5.23522e-01	4.88984e-01	4.59536e-01	4.36534e-01	4.17441e-01	3.91541e-01	3.32822e-01	2.40845e-01	1.43127e-01	4.33288e-02	9.41996e-03	   
5.39970e-01	5.53645e-01	5.67987e-01	5.71140e-01	5.58149e-01	5.29222e-01	4.89280e-01	4.48917e-01	4.19306e-01	4.00802e-01	3.83998e-01	3.54183e-01	2.79408e-01	1.36153e-01	6.27798e-02	2.25059e-02	5.70913e-03	   
4.56554e-01	4.94204e-01	5.27264e-01	5.38091e-01	5.25812e-01	4.91225e-01	4.36458e-01	3.77361e-01	3.48697e-01	3.48098e-01	3.40024e-01	3.06682e-01	2.26192e-01	8.47712e-02	2.64740e-02	8.41791e-03	2.32818e-03	   
3.60163e-01	4.33323e-01	4.87452e-01	5.04366e-01	4.92512e-01	4.53267e-01	3.81553e-01	2.94478e-01	2.67330e-01	2.93329e-01	2.93889e-01	2.54757e-01	1.76838e-01	6.01112e-02	1.44821e-02	         
3.34233e-01	4.05513e-01	4.58911e-01	4.75674e-01	4.63493e-01	4.23883e-01	3.52896e-01	2.67451e-01	2.36836e-01	2.53398e-01	2.42337e-01	1.90946e-01	1.22280e-01	3.92906e-02	8.98110e-03	         
3.73846e-01	4.10020e-01	4.42650e-01	4.53552e-01	4.40250e-01	4.03680e-01	3.48578e-01	2.89885e-01	2.49770e-01	2.26559e-01	1.84953e-01	9.59227e-02	4.81448e-02	1.84124e-02	4.92150e-03	         
4.00846e-01	4.14315e-01	4.29910e-01	4.35221e-01	4.20236e-01	3.85372e-01	3.39133e-01	2.91054e-01	2.39334e-01	1.83095e-01	1.25535e-01	4.73403e-02	1.64961e-02	6.08278e-03	1.86021e-03	         
3.96103e-01	4.00917e-01	4.08259e-01	4.11291e-01	3.92519e-01	3.53803e-01	3.05097e-01	2.53158e-01	1.90480e-01	9.54564e-02	4.87750e-02	1.97510e-02	6.00891e-03	               
3.66818e-01	3.67403e-01	3.67941e-01	3.62863e-01	3.33685e-01	2.78240e-01	2.24721e-01	1.76385e-01	1.22793e-01	4.66892e-02	1.64693e-02	6.22755e-03	1.97094e-03	               
3.11728e-01	3.09581e-01	3.03461e-01	2.87323e-01	2.43349e-01	1.37243e-01	8.78660e-02	6.40526e-02	4.21495e-02	1.83189e-02	5.77349e-03	                     
2.13444e-01	2.10428e-01	2.02420e-01	1.84796e-01	1.45526e-01	6.17255e-02	2.69545e-02	1.58739e-02	9.88203e-03	4.98973e-03	1.78407e-03	                     
7.55198e-02	7.40472e-02	7.02958e-02	6.24539e-02	4.67564e-02	2.22809e-02	7.90940e-03	                                 
1.74432e-02	1.70191e-02	1.59661e-02	1.38649e-02	1.02847e-02	5.66400e-03	2.14664e-03	                                 
                                                      

Z = 2
8.06251e-01	9.75644e-01	1.10429e+00	1.14855e+00	1.12690e+00	1.04183e+00	8.81001e-01	6.86381e-01	6.36659e-01	7.20992e-01	7.72502e-01	7.60776e-01	7.04598e-01	6.01381e-01	4.11520e-01	1.36716e-01	3.07276e-02	   
9.65050e-01	1.05173e+00	1.13033e+00	1.15957e+00	1.13674e+00	1.06333e+00	9.44401e-01	8.17822e-01	7.64405e-01	7.81871e-01	7.94419e-01	7.69606e-01	7.06003e-01	5.97172e-01	4.05495e-01	1.34038e-01	2.99986e-02	   
1.09408e+00	1.12585e+00	1.16033e+00	1.17091e+00	1.14644e+00	1.08733e+00	1.00467e+00	9.22761e-01	8.67656e-01	8.41172e-01	8.21337e-01	7.83232e-01	7.07302e-01	5.84933e-01	3.89558e-01	1.27207e-01	2.81501e-02	   
1.14165e+00	1.15502e+00	1.16924e+00	1.16847e+00	1.14284e+00	1.09223e+00	1.02590e+00	9.58718e-01	9.03165e-01	8.62136e-01	8.29933e-01	7.88314e-01	6.97214e-01	5.53023e-01	3.54760e-01	1.12651e-01	2.43280e-02	   
1.12054e+00	1.13257e+00	1.14498e+00	1.14296e+00	1.11721e+00	1.06763e+00	1.00289e+00	9.36757e-01	8.80675e-01	8.37399e-01	8.02113e-01	7.54022e-01	6.42836e-01	4.67249e-01	2.78477e-01	8.40331e-02	1.80378e-02	   
1.03342e+00	1.05989e+00	1.08781e+00	1.09418e+00	1.06938e+00	1.01382e+00	9.37081e-01	8.59761e-01	8.03431e-01	7.68909e-01	7.38170e-01	6.82740e-01	5.40523e-01	2.63381e-01	1.21178e-01	4.33296e-02	1.08976e-02	   
8.73001e-01	9.45389e-01	1.00952e+00	1.03085e+00	1.00743e+00	9.40851e-01	8.35456e-01	7.22290e-01	6.67849e-01	6.67735e-01	6.53956e-01	5.91677e-01	4.37963e-01	1.63819e-01	5.06418e-02	1.60124e-02	4.41340e-03	   
6.87798e-01	8.28233e-01	9.33049e-01	9.66310e-01	9.43750e-01	8.68080e-01	7.30012e-01	5.63230e-01	5.11745e-01	5.62811e-01	5.65829e-01	4.92348e-01	3.42937e-01	1.16422e-01	2.77369e-02	         
6.38265e-01	7.75166e-01	8.78621e-01	9.11636e-01	8.88503e-01	8.12210e-01	6.75622e-01	5.11984e-01	4.53900e-01	4.86912e-01	4.67519e-01	3.70258e-01	2.37857e-01	7.61774e-02	1.71975e-02	         
7.15101e-01	7.84779e-01	8.48230e-01	8.69875e-01	8.44683e-01	7.74500e-01	6.68707e-01	5.56513e-01	4.80302e-01	4.36942e-01	3.58031e-01	1.85596e-01	9.29522e-02	3.54647e-02	9.39994e-03	         
7.68008e-01	7.94230e-01	8.24871e-01	8.35791e-01	8.07557e-01	7.40882e-01	6.52307e-01	5.60406e-01	4.61822e-01	3.54811e-01	2.44020e-01	9.15125e-02	3.14993e-02	1.15736e-02	3.52970e-03	         
7.60124e-01	7.69727e-01	7.84541e-01	7.91272e-01	7.56108e-01	6.82462e-01	5.89013e-01	4.89258e-01	3.68923e-01	1.84679e-01	9.41356e-02	3.80071e-02	1.14507e-02	               
7.05277e-01	7.06690e-01	7.08368e-01	6.99550e-01	6.44595e-01	5.39124e-01	4.35880e-01	3.42380e-01	2.38735e-01	9.02597e-02	3.14438e-02	1.18422e-02	3.73471e-03	               
6.01251e-01	5.97302e-01	5.85923e-01	5.55585e-01	4.71627e-01	2.65468e-01	1.69524e-01	1.23575e-01	8.13453e-02	3.52721e-02	1.10073e-02	                     
4.13443e-01	4.07703e-01	3.92414e-01	3.58740e-01	2.83042e-01	1.19252e-01	5.14535e-02	3.01798e-02	1.87729e-02	9.49508e-03	3.38448e-03	                     
1.45503e-01	1.42699e-01	1.35547e-01	1.20542e-01	9.02837e-02	4.28961e-02	1.50647e-02	                                 
3.31399e-02	3.23400e-02	3.03494e-02	2.63563e-02	1.95352e-02	1.07767e-02	4.06983e-03	                                 
                                                      

Z = 3
1.16089e+00	1.40487e+00	1.59006e+00	1.65385e+00	1.62275e+00	1.50031e+00	1.26886e+00	9.88640e-01	9.17208e-01	1.03900e+00	1.11348e+00	1.09701e+00	1.01651e+00	8.68146e-01	5.94572e-01	1.97750e-01	4.45102e-02	   
1.38971e+00	1.51443e+00	1.62759e+00	1.66978e+00	1.63698e+00	1.53133e+00	1.36019e+00	1.17812e+00	1.10139e+00	1.12675e+00	1.14515e+00	1.10984e+00	1.01862e+00	8.62148e-01	5.85924e-01	1.93896e-01	4.34588e-02	   
1.57543e+00	1.62117e+00	1.67088e+00	1.68620e+00	1.65104e+00	1.56598e+00	1.44703e+00	1.32926e+00	1.25012e+00	1.21227e+00	1.18410e+00	1.12966e+00	1.02067e+00	8.44653e-01	5.63024e-01	1.84059e-01	4.07906e-02	   
1.64394e+00	1.66323e+00	1.68381e+00	1.68278e+00	1.64595e+00	1.57313e+00	1.47769e+00	1.38110e+00	1.30134e+00	1.24261e+00	1.19668e+00	1.13723e+00	1.00641e+00	7.98879e-01	5.12955e-01	1.63064e-01	3.52642e-02	   
1.61361e+00	1.63098e+00	1.64894e+00	1.64612e+00	1.60912e+00	1.53779e+00	1.44464e+00	1.34956e+00	1.26906e+00	1.20711e+00	1.15677e+00	1.08804e+00	9.28269e-01	6.75332e-01	4.02886e-01	1.21698e-01	2.61541e-02	   
1.48826e+00	1.52640e+00	1.56667e+00	1.57595e+00	1.54031e+00	1.46036e+00	1.34995e+00	1.23878e+00	1.15793e+00	1.10857e+00	1.06477e+00	9.85460e-01	7.80854e-01	3.80879e-01	1.75408e-01	6.27725e-02	1.58015e-02	   
1.25742e+00	1.36162e+00	1.45400e+00	1.48482e+00	1.45119e+00	1.35537e+00	1.20370e+00	1.04092e+00	9.62772e-01	9.62953e-01	9.43538e-01	8.54285e-01	6.32929e-01	2.37000e-01	7.33483e-02	2.32044e-02	6.39843e-03	   
9.90688e-01	1.19305e+00	1.34402e+00	1.39203e+00	1.35964e+00	1.25073e+00	1.05200e+00	8.11812e-01	7.37901e-01	8.11966e-01	8.16711e-01	7.11174e-01	4.95825e-01	1.68506e-01	4.01956e-02	         
9.19537e-01	1.11683e+00	1.26587e+00	1.31354e+00	1.28035e+00	1.17055e+00	9.73941e-01	7.38261e-01	6.54822e-01	7.02839e-01	6.75197e-01	5.35159e-01	3.44108e-01	1.10313e-01	2.49325e-02	         
1.03061e+00	1.13097e+00	1.22244e+00	1.25377e+00	1.21764e+00	1.11665e+00	9.64396e-01	8.02975e-01	6.93385e-01	6.31122e-01	5.17476e-01	2.68460e-01	1.34558e-01	5.13774e-02	1.36293e-02	         
1.10712e+00	1.14494e+00	1.18923e+00	1.20516e+00	1.16468e+00	1.06876e+00	9.41263e-01	8.08995e-01	6.67062e-01	5.12863e-01	3.52981e-01	1.32470e-01	4.56289e-02	1.67715e-02	5.11731e-03	         
1.09615e+00	1.11008e+00	1.13161e+00	1.14157e+00	1.09115e+00	9.85210e-01	8.50592e-01	7.06806e-01	5.33272e-01	2.67149e-01	1.36265e-01	5.50499e-02	1.65953e-02	               
1.01759e+00	1.01972e+00	1.02231e+00	1.00985e+00	9.30898e-01	7.78967e-01	6.30041e-01	4.95069e-01	3.45374e-01	1.30662e-01	4.55483e-02	1.71595e-02	5.41364e-03	               
8.68136e-01	8.62506e-01	8.46219e-01	8.02649e-01	6.81691e-01	3.83928e-01	2.45263e-01	1.78829e-01	1.17759e-01	5.10896e-02	1.59531e-02	                     
5.97478e-01	5.89230e-01	5.67233e-01	5.18728e-01	4.09468e-01	1.72613e-01	7.45078e-02	4.37010e-02	2.71870e-02	1.37570e-02	4.90617e-03	                     
2.10441e-01	2.06404e-01	1.96093e-01	1.74438e-01	1.30701e-01	6.21311e-02	2.18300e-02	                                 
4.79590e-02	4.68053e-02	4.39314e-02	3.81597e-02	2.82915e-02	1.56145e-02	5.89967e-03	                                 
                                                      

Z = 4
1.47409e+00	1.78388e+00	2.01908e+00	2.10014e+00	2.06073e+00	1.90535e+00	1.61153e+00	1.25581e+00	1.16528e+00	1.32023e+00	1.41511e+00	1.39440e+00	1.29229e+00	1.10384e+00	7.56086e-01	2.51483e-01	5.66104e-02	   
1.76461e+00	1.92302e+00	2.06677e+00	2.12039e+00	2.07883e+00	1.94478e+00	1.72757e+00	1.49648e+00	1.39925e+00	1.43174e+00	1.45536e+00	1.41072e+00	1.29500e+00	1.09624e+00	7.45105e-01	2.46589e-01	5.52747e-02	   
2.00050e+00	2.05862e+00	2.12178e+00	2.14130e+00	2.09674e+00	1.98885e+00	1.83794e+00	1.68853e+00	1.58825e+00	1.54043e+00	1.50489e+00	1.43596e+00	1.29765e+00	1.07404e+00	7.16014e-01	2.34088e-01	5.18835e-02	   
2.08757e+00	2.11209e+00	2.13826e+00	2.13704e+00	2.09036e+00	1.99800e+00	1.87695e+00	1.75446e+00	1.65338e+00	1.57903e+00	1.52094e+00	1.44565e+00	1.27957e+00	1.01587e+00	6.52364e-01	2.07397e-01	4.48570e-02	   
2.04913e+00	2.07122e+00	2.09408e+00	2.09057e+00	2.04369e+00	1.95321e+00	1.83505e+00	1.71447e+00	1.61244e+00	1.53400e+00	1.47030e+00	1.38319e+00	1.18028e+00	8.58789e-01	5.12396e-01	1.54792e-01	3.32713e-02	   
1.89005e+00	1.93852e+00	1.98973e+00	2.00158e+00	1.95641e+00	1.85498e+00	1.71487e+00	1.57383e+00	1.47133e+00	1.40888e+00	1.35347e+00	1.25287e+00	9.92891e-01	4.84359e-01	2.23096e-01	7.98492e-02	2.01036e-02	   
1.59699e+00	1.72939e+00	1.84679e+00	1.88600e+00	1.84338e+00	1.72176e+00	1.52920e+00	1.32253e+00	1.22345e+00	1.22393e+00	1.19948e+00	1.08619e+00	8.04851e-01	3.01402e-01	9.32947e-02	2.95205e-02	8.14146e-03	   
1.25842e+00	1.51547e+00	1.70730e+00	1.76835e+00	1.72728e+00	1.58902e+00	1.33663e+00	1.03159e+00	9.37847e-01	1.03216e+00	1.03837e+00	9.04317e-01	6.30552e-01	2.14308e-01	5.11279e-02	         
1.16825e+00	1.41889e+00	1.60828e+00	1.66890e+00	1.62680e+00	1.48739e+00	1.23766e+00	9.38312e-01	8.32417e-01	8.93586e-01	8.58557e-01	6.80557e-01	4.37640e-01	1.40307e-01	3.17159e-02	         
1.30958e+00	1.43712e+00	1.55337e+00	1.59324e+00	1.54740e+00	1.41917e+00	1.22578e+00	1.02074e+00	8.81564e-01	8.02519e-01	6.58077e-01	3.41426e-01	1.71147e-01	6.53543e-02	1.73394e-02	         
1.40705e+00	1.45513e+00	1.51145e+00	1.53175e+00	1.48038e+00	1.35858e+00	1.19662e+00	1.02858e+00	8.48226e-01	6.52213e-01	4.48927e-01	1.68490e-01	5.80438e-02	2.13375e-02	6.51128e-03	         
1.39335e+00	1.41107e+00	1.43848e+00	1.45120e+00	1.38718e+00	1.25258e+00	1.08152e+00	8.98787e-01	6.78180e-01	3.39766e-01	1.73321e-01	7.00263e-02	2.11131e-02	               
1.29372e+00	1.29644e+00	1.29977e+00	1.28399e+00	1.18365e+00	9.90507e-01	8.01190e-01	6.29607e-01	4.39267e-01	1.66195e-01	5.79422e-02	2.18314e-02	6.88831e-03	               
1.10387e+00	1.09673e+00	1.07606e+00	1.02070e+00	8.66911e-01	4.88251e-01	3.11924e-01	2.27454e-01	1.49790e-01	6.49904e-02	2.02963e-02	                     
7.59806e-01	7.49332e-01	7.21384e-01	6.59725e-01	5.20787e-01	2.19547e-01	9.47750e-02	5.55937e-02	3.45884e-02	1.75032e-02	6.24268e-03	                     
2.67646e-01	2.62516e-01	2.49412e-01	2.21879e-01	1.66255e-01	7.90365e-02	2.77729e-02	                                 
6.10069e-02	5.95405e-02	5.58870e-02	4.85472e-02	3.59950e-02	1.98671e-02	7.50698e-03	                                 
                                                      

Z = 5
1.73415e+00	2.09862e+00	2.37538e+00	2.47083e+00	2.42460e+00	2.24192e+00	1.89637e+00	1.47796e+00	1.37167e+00	1.55432e+00	1.66624e+00	1.64203e+00	1.52193e+00	1.30009e+00	8.90551e-01	2.96216e-01	6.66809e-02	   
2.07596e+00	2.26234e+00	2.43151e+00	2.49470e+00	2.44592e+00	2.28836e+00	2.03297e+00	1.76126e+00	1.64708e+00	1.68559e+00	1.71363e+00	1.66125e+00	1.52512e+00	1.29114e+00	8.77619e-01	2.90452e-01	6.51076e-02	   
2.35353e+00	2.42193e+00	2.49630e+00	2.51936e+00	2.46708e+00	2.34029e+00	2.16292e+00	1.98734e+00	1.86958e+00	1.81355e+00	1.77196e+00	1.69098e+00	1.52825e+00	1.26499e+00	8.43355e-01	2.75728e-01	6.11134e-02	   
2.45604e+00	2.48493e+00	2.51580e+00	2.51445e+00	2.45966e+00	2.35116e+00	2.20892e+00	2.06499e+00	1.94629e+00	1.85902e+00	1.79087e+00	1.70241e+00	1.50696e+00	1.19648e+00	7.68387e-01	2.44290e-01	5.28370e-02	   
2.41095e+00	2.43697e+00	2.46395e+00	2.45992e+00	2.40488e+00	2.29857e+00	2.15971e+00	2.01801e+00	1.89816e+00	1.80606e+00	1.73128e+00	1.62887e+00	1.39003e+00	1.01148e+00	6.03526e-01	1.82326e-01	3.91902e-02	   
2.22393e+00	2.28100e+00	2.34133e+00	2.35538e+00	2.30234e+00	2.18310e+00	2.01837e+00	1.85255e+00	1.73211e+00	1.65880e+00	1.59375e+00	1.47544e+00	1.16935e+00	5.70471e-01	2.62770e-01	9.40519e-02	2.36799e-02	   
1.87926e+00	2.03512e+00	2.17335e+00	2.21958e+00	2.16951e+00	2.02648e+00	1.79996e+00	1.55684e+00	1.44038e+00	1.44112e+00	1.41248e+00	1.27918e+00	9.47905e-01	3.54986e-01	1.09884e-01	3.47707e-02	9.58975e-03	   
1.48104e+00	1.78361e+00	2.00944e+00	2.08136e+00	2.03310e+00	1.87044e+00	1.57344e+00	1.21446e+00	1.10422e+00	1.21541e+00	1.22282e+00	1.06502e+00	7.42641e-01	2.52410e-01	6.02190e-02	         
1.37518e+00	1.67022e+00	1.89316e+00	1.96457e+00	1.91506e+00	1.75103e+00	1.45712e+00	1.10477e+00	9.80191e-01	1.05231e+00	1.01111e+00	8.01525e-01	5.15448e-01	1.65256e-01	3.73556e-02	         
1.54181e+00	1.69194e+00	1.82881e+00	1.87577e+00	1.82184e+00	1.67093e+00	1.44331e+00	1.20197e+00	1.03816e+00	9.45123e-01	7.75046e-01	4.02123e-01	2.01577e-01	7.69755e-02	2.04229e-02	         
1.65677e+00	1.71338e+00	1.77969e+00	1.80362e+00	1.74316e+00	1.59978e+00	1.40912e+00	1.21130e+00	9.98954e-01	7.68143e-01	5.28740e-01	1.98448e-01	6.83646e-02	2.51319e-02	7.66928e-03	         
1.64082e+00	1.66169e+00	1.69397e+00	1.70896e+00	1.63359e+00	1.47511e+00	1.27369e+00	1.05852e+00	7.98731e-01	4.00171e-01	2.04138e-01	8.24784e-02	2.48677e-02	               
1.52364e+00	1.52685e+00	1.53077e+00	1.51219e+00	1.39402e+00	1.16656e+00	9.43606e-01	7.41537e-01	5.17370e-01	1.95746e-01	6.82455e-02	2.57138e-02	8.11339e-03	               
1.30015e+00	1.29174e+00	1.26739e+00	1.20219e+00	1.02105e+00	5.75062e-01	3.67383e-01	2.67897e-01	1.76426e-01	7.65482e-02	2.39060e-02	                     
8.94953e-01	8.82616e-01	8.49698e-01	7.77071e-01	6.13419e-01	2.58595e-01	1.11629e-01	6.54798e-02	4.07396e-02	2.06162e-02	7.35307e-03	                     
3.15261e-01	3.09219e-01	2.93784e-01	2.61353e-01	1.95833e-01	9.30970e-02	3.27133e-02	                                 
7.18612e-02	7.01340e-02	6.58306e-02	5.71850e-02	4.23993e-02	2.34021e-02	8.84273e-03	                                 
                                                      

Z = 6
1.93148e+00	2.33747e+00	2.64582e+00	2.75228e+00	2.70097e+00	2.49770e+00	2.11298e+00	1.64708e+00	1.52898e+00	1.73293e+00	1.85800e+00	1.83123e+00	1.69746e+00	1.45014e+00	9.93380e-01	3.30428e-01	7.43840e-02	   
2.31223e+00	2.51987e+00	2.70839e+00	2.77892e+00	2.72479e+00	2.54950e+00	2.26526e+00	1.96284e+00	1.83598e+00	1.87927e+00	1.91084e+00	1.85266e+00	1.70101e+00	1.44015e+00	9.78952e-01	3.23997e-01	7.26287e-02	   
2.62148e+00	2.69772e+00	2.78067e+00	2.80651e+00	2.74847e+00	2.60748e+00	2.41016e+00	2.21487e+00	2.08402e+00	2.02193e+00	1.97586e+00	1.88580e+00	1.70449e+00	1.41097e+00	9.40725e-01	3.07570e-01	6.81727e-02	   
2.73581e+00	2.76805e+00	2.80254e+00	2.80120e+00	2.74037e+00	2.61974e+00	2.46155e+00	2.30151e+00	2.16957e+00	2.07264e+00	1.99696e+00	1.89855e+00	1.68074e+00	1.33455e+00	8.57093e-01	2.72500e-01	5.89398e-02	   
2.68577e+00	2.71482e+00	2.74499e+00	2.74066e+00	2.67953e+00	2.56131e+00	2.40684e+00	2.24924e+00	2.11598e+00	2.01363e+00	1.93053e+00	1.81654e+00	1.55031e+00	1.12818e+00	6.73191e-01	2.03379e-01	4.37164e-02	   
2.47766e+00	2.54131e+00	2.60865e+00	2.62445e+00	2.56551e+00	2.43284e+00	2.24948e+00	2.06493e+00	1.93096e+00	1.84951e+00	1.77721e+00	1.64544e+00	1.30418e+00	6.36281e-01	2.93097e-01	1.04910e-01	2.64145e-02	   
2.09392e+00	2.26766e+00	2.42179e+00	2.47344e+00	2.41777e+00	2.25852e+00	2.00622e+00	1.73543e+00	1.60583e+00	1.60688e+00	1.57512e+00	1.42658e+00	1.05720e+00	3.95931e-01	1.22563e-01	3.87844e-02	1.06971e-02	   
1.65051e+00	1.98776e+00	2.23951e+00	2.31975e+00	2.26606e+00	2.08488e+00	1.75393e+00	1.35389e+00	1.23116e+00	1.35529e+00	1.36367e+00	1.18777e+00	8.28272e-01	2.81522e-01	6.71662e-02	         
1.53290e+00	1.86177e+00	2.11031e+00	2.18995e+00	2.13484e+00	1.95206e+00	1.62449e+00	1.23178e+00	1.09298e+00	1.17349e+00	1.12762e+00	8.93921e-01	5.74887e-01	1.84316e-01	4.16650e-02	         
1.71900e+00	1.88636e+00	2.03894e+00	2.09132e+00	2.03123e+00	1.86304e+00	1.60932e+00	1.34030e+00	1.15772e+00	1.05402e+00	8.64380e-01	4.48486e-01	2.24823e-01	8.58542e-02	2.27790e-02	         
1.84745e+00	1.91057e+00	1.98449e+00	2.01118e+00	1.94379e+00	1.78393e+00	1.57137e+00	1.35083e+00	1.11406e+00	8.56683e-01	5.89700e-01	2.21331e-01	7.62492e-02	2.80309e-02	8.55404e-03	         
1.82990e+00	1.85316e+00	1.88914e+00	1.90586e+00	1.82180e+00	1.64507e+00	1.42046e+00	1.18052e+00	8.90808e-01	4.46309e-01	2.27678e-01	9.19903e-02	2.77359e-02	               
1.69938e+00	1.70295e+00	1.70731e+00	1.68657e+00	1.55477e+00	1.30107e+00	1.05241e+00	8.27043e-01	5.77033e-01	2.18321e-01	7.61165e-02	2.86796e-02	9.04926e-03	               
1.45021e+00	1.44083e+00	1.41366e+00	1.34091e+00	1.13887e+00	6.41403e-01	4.09759e-01	2.98796e-01	1.96776e-01	8.53780e-02	2.66637e-02	                     
9.98298e-01	9.84532e-01	9.47806e-01	8.66784e-01	6.84229e-01	2.88441e-01	1.24510e-01	7.30342e-02	4.54395e-02	2.29947e-02	8.20143e-03	                     
3.51676e-01	3.44934e-01	3.27714e-01	2.91535e-01	2.18446e-01	1.03846e-01	3.64900e-02	                                 
8.01634e-02	7.82363e-02	7.34353e-02	6.37905e-02	4.72965e-02	2.61049e-02	9.86399e-03	                                 
                                                      

Z = 7
2.05856e+00	2.49133e+00	2.82014e+00	2.93385e+00	2.87948e+00	2.66316e+00	2.25337e+00	1.75699e+00	1.63161e+00	1.84983e+00	1.98378e+00	1.95557e+00	1.81298e+00	1.54899e+00	1.06117e+00	3.52991e-01	7.94656e-02	   
2.46443e+00	2.68582e+00	2.88692e+00	2.96234e+00	2.90497e+00	2.71850e+00	2.41588e+00	2.09391e+00	1.95921e+00	2.00600e+00	2.04018e+00	1.97844e+00	1.81676e+00	1.53831e+00	1.04575e+00	3.46118e-01	7.75899e-02	   
2.79420e+00	2.87554e+00	2.96413e+00	2.99194e+00	2.93041e+00	2.78050e+00	2.57060e+00	2.36289e+00	2.22392e+00	2.15826e+00	2.10958e+00	2.01381e+00	1.82045e+00	1.50712e+00	1.00490e+00	3.28566e-01	7.28286e-02	   
2.91630e+00	2.95076e+00	2.98770e+00	2.98654e+00	2.92203e+00	2.79381e+00	2.62561e+00	2.45546e+00	2.31529e+00	2.21241e+00	2.13211e+00	2.02740e+00	1.79506e+00	1.42546e+00	9.15545e-01	2.91096e-01	6.29643e-02	   
2.86328e+00	2.89435e+00	2.92670e+00	2.92234e+00	2.85748e+00	2.73178e+00	2.56748e+00	2.39986e+00	2.25820e+00	2.14948e+00	2.06120e+00	1.93982e+00	1.65573e+00	1.20501e+00	7.19086e-01	2.17254e-01	4.67007e-02	   
2.64179e+00	2.70977e+00	2.78176e+00	2.79884e+00	2.73627e+00	2.59507e+00	2.39984e+00	2.20337e+00	2.06087e+00	1.97437e+00	1.89755e+00	1.75711e+00	1.39284e+00	6.79592e-01	3.13071e-01	1.12065e-01	2.82172e-02	   
2.23304e+00	2.41845e+00	2.58302e+00	2.63830e+00	2.57914e+00	2.40949e+00	2.14058e+00	1.85195e+00	1.71399e+00	1.71547e+00	1.68184e+00	1.52342e+00	1.12906e+00	4.22869e-01	1.30910e-01	4.14284e-02	1.14269e-02	   
1.76066e+00	2.12050e+00	2.38919e+00	2.47493e+00	2.41781e+00	2.22466e+00	1.87170e+00	1.44499e+00	1.31424e+00	1.44700e+00	1.45613e+00	1.26842e+00	8.84574e-01	3.00672e-01	7.17377e-02	         
1.63580e+00	1.98674e+00	2.25198e+00	2.33704e+00	2.27832e+00	2.08338e+00	1.73392e+00	1.31490e+00	1.16691e+00	1.25302e+00	1.20414e+00	9.54643e-01	6.13970e-01	1.96853e-01	4.45003e-02	         
1.83496e+00	2.01357e+00	2.17642e+00	2.23234e+00	2.16826e+00	1.98881e+00	1.71808e+00	1.43100e+00	1.23617e+00	1.12553e+00	9.23075e-01	4.78959e-01	2.40109e-01	9.16940e-02	2.43290e-02	         
1.97254e+00	2.03990e+00	2.11880e+00	2.14729e+00	2.07535e+00	1.90472e+00	1.67783e+00	1.44242e+00	1.18966e+00	9.14856e-01	6.29766e-01	2.36374e-01	8.14338e-02	2.99376e-02	9.13614e-03	         
1.95415e+00	1.97898e+00	2.01737e+00	2.03520e+00	1.94544e+00	1.75672e+00	1.51688e+00	1.26068e+00	9.51319e-01	4.76635e-01	2.43153e-01	9.82444e-02	2.96221e-02	               
1.81503e+00	1.81883e+00	1.82346e+00	1.80128e+00	1.66049e+00	1.38952e+00	1.12394e+00	8.83260e-01	6.16261e-01	2.33164e-01	8.12921e-02	3.06300e-02	9.66478e-03	               
1.54907e+00	1.53903e+00	1.50999e+00	1.43226e+00	1.21642e+00	6.85060e-01	4.37636e-01	3.19121e-01	2.10161e-01	9.11857e-02	2.84776e-02	                     
1.06642e+00	1.05171e+00	1.01246e+00	9.25896e-01	7.30875e-01	3.08097e-01	1.32989e-01	7.80053e-02	4.85317e-02	2.45596e-02	8.75959e-03	                     
3.75690e-01	3.68485e-01	3.50085e-01	3.11430e-01	2.33349e-01	1.10929e-01	3.89781e-02	                                 
8.56400e-02	8.35807e-02	7.84508e-02	6.81461e-02	5.05252e-02	2.78867e-02	1.05372e-02	                                 
                                                      

Z = 8
2.11015e+00	2.55389e+00	2.89120e+00	3.00818e+00	2.95297e+00	2.73178e+00	2.31215e+00	1.80364e+00	1.67595e+00	1.90110e+00	2.03955e+00	2.01117e+00	1.86497e+00	1.59369e+00	1.09192e+00	3.63242e-01	8.17776e-02	   
2.52631e+00	2.75339e+00	2.95981e+00	3.03755e+00	2.97928e+00	2.78872e+00	2.47909e+00	2.14965e+00	2.01244e+00	2.06153e+00	2.09749e+00	2.03465e+00	1.86884e+00	1.58268e+00	1.07604e+00	3.56166e-01	7.98464e-02	   
2.86462e+00	2.94815e+00	3.03926e+00	3.06820e+00	3.00567e+00	2.85264e+00	2.63815e+00	2.42600e+00	2.28439e+00	2.21797e+00	2.16880e+00	2.07099e+00	1.87259e+00	1.55055e+00	1.03398e+00	3.38096e-01	7.49451e-02	   
2.99020e+00	3.02568e+00	3.06386e+00	3.06311e+00	2.99751e+00	2.86669e+00	2.69494e+00	2.52126e+00	2.37835e+00	2.27365e+00	2.19195e+00	2.08493e+00	1.84641e+00	1.46649e+00	9.42007e-01	2.99531e-01	6.47925e-02	   
2.93636e+00	2.96839e+00	3.00188e+00	2.99784e+00	2.93183e+00	2.80351e+00	2.63564e+00	2.46443e+00	2.31988e+00	2.20906e+00	2.11909e+00	1.99485e+00	1.70305e+00	1.23964e+00	7.39842e-01	2.23542e-01	4.80554e-02	   
2.70986e+00	2.77977e+00	2.85394e+00	2.87186e+00	2.80812e+00	2.66374e+00	2.46396e+00	2.26294e+00	2.11736e+00	2.02924e+00	1.95090e+00	1.80696e+00	1.43262e+00	6.99092e-01	3.22093e-01	1.15305e-01	2.90348e-02	   
2.29129e+00	2.48174e+00	2.65091e+00	2.70798e+00	2.64763e+00	2.47387e+00	2.19821e+00	1.90230e+00	1.76121e+00	1.76333e+00	1.72923e+00	1.56667e+00	1.16128e+00	4.34979e-01	1.34673e-01	4.26239e-02	1.17577e-02	   
1.80741e+00	2.17696e+00	2.45300e+00	2.54127e+00	2.48288e+00	2.28481e+00	1.92259e+00	1.48461e+00	1.35070e+00	1.48757e+00	1.49727e+00	1.30447e+00	9.09817e-01	3.09274e-01	7.37950e-02	         
1.68025e+00	2.04072e+00	2.31321e+00	2.40069e+00	2.34055e+00	2.14049e+00	1.78168e+00	1.35138e+00	1.19957e+00	1.28834e+00	1.23826e+00	9.81807e-01	6.31496e-01	2.02484e-01	4.57754e-02	         
1.88583e+00	2.06931e+00	2.23662e+00	2.29412e+00	2.22836e+00	2.04406e+00	1.76600e+00	1.47112e+00	1.27103e+00	1.15741e+00	9.49303e-01	4.92602e-01	2.46964e-01	9.43167e-02	2.50260e-02	         
2.02800e+00	2.09720e+00	2.17826e+00	2.20754e+00	2.13362e+00	1.95826e+00	1.72510e+00	1.48317e+00	1.22337e+00	9.40851e-01	6.47698e-01	2.43115e-01	8.37596e-02	3.07941e-02	9.39788e-03	         
2.00971e+00	2.03520e+00	2.07464e+00	2.09294e+00	2.00061e+00	1.80654e+00	1.55993e+00	1.29650e+00	9.78385e-01	4.90210e-01	2.50086e-01	1.01049e-01	3.04686e-02	               
1.86708e+00	1.87095e+00	1.87567e+00	1.85280e+00	1.70793e+00	1.42918e+00	1.15600e+00	9.08459e-01	6.33849e-01	2.39821e-01	8.36137e-02	3.15053e-02	9.94114e-03	               
1.59377e+00	1.58342e+00	1.55349e+00	1.47347e+00	1.25137e+00	7.04708e-01	4.50165e-01	3.28249e-01	2.16171e-01	9.37941e-02	2.92925e-02	                     
1.09732e+00	1.08216e+00	1.04175e+00	9.52649e-01	7.51963e-01	3.16971e-01	1.36811e-01	8.02421e-02	4.99223e-02	2.52633e-02	9.01064e-03	                     
3.86599e-01	3.79181e-01	3.60237e-01	3.20452e-01	2.40101e-01	1.14136e-01	4.01034e-02	                                 
8.81312e-02	8.60110e-02	8.07302e-02	7.01243e-02	5.19905e-02	2.86951e-02	1.08426e-02	                                 
                                                      

Z = 9
2.08334e+00	2.52164e+00	2.85511e+00	2.97128e+00	2.91764e+00	2.70019e+00	2.28664e+00	1.78517e+00	1.66056e+00	1.88539e+00	2.02408e+00	1.99699e+00	1.85260e+00	1.58360e+00	1.08521e+00	3.61051e-01	8.12913e-02	   
2.49442e+00	2.71883e+00	2.92308e+00	3.00053e+00	2.94389e+00	2.75676e+00	2.45206e+00	2.12787e+00	1.99394e+00	2.04439e+00	2.08150e+00	2.02025e+00	1.85639e+00	1.57261e+00	1.06940e+00	3.54010e-01	7.93701e-02	   
2.82886e+00	2.91157e+00	3.00200e+00	3.03128e+00	2.97046e+00	2.82044e+00	2.60987e+00	2.40174e+00	2.26345e+00	2.19944e+00	2.15218e+00	2.05625e+00	1.86004e+00	1.54062e+00	1.02756e+00	3.36037e-01	7.44954e-02	   
2.95352e+00	2.98881e+00	3.02700e+00	3.02697e+00	2.96309e+00	2.83498e+00	2.66660e+00	2.49644e+00	2.35672e+00	2.25468e+00	2.17512e+00	2.07003e+00	1.83395e+00	1.45701e+00	9.36108e-01	2.97691e-01	6.44009e-02	   
2.90123e+00	2.93314e+00	2.96673e+00	2.96343e+00	2.89907e+00	2.77327e+00	2.60853e+00	2.44060e+00	2.29905e+00	2.19077e+00	2.10287e+00	1.98057e+00	1.69147e+00	1.23155e+00	7.35161e-01	2.22157e-01	4.77628e-02	   
2.67851e+00	2.74792e+00	2.82175e+00	2.84011e+00	2.77784e+00	2.63593e+00	2.43929e+00	2.24152e+00	2.09870e+00	2.01268e+00	1.93609e+00	1.79403e+00	1.42281e+00	6.94469e-01	3.20030e-01	1.14583e-01	2.88566e-02	   
2.26600e+00	2.45470e+00	2.62252e+00	2.67952e+00	2.62041e+00	2.44911e+00	2.17696e+00	1.88480e+00	1.74608e+00	1.74925e+00	1.71627e+00	1.55550e+00	1.15330e+00	4.32062e-01	1.33795e-01	4.23539e-02	1.16850e-02	   
1.78890e+00	2.15491e+00	2.42849e+00	2.51625e+00	2.45887e+00	2.26320e+00	1.90491e+00	1.47153e+00	1.33956e+00	1.47606e+00	1.48624e+00	1.29523e+00	9.03557e-01	3.07185e-01	7.33052e-02	         
1.66483e+00	2.02195e+00	2.29199e+00	2.37885e+00	2.31953e+00	2.12161e+00	1.76637e+00	1.34023e+00	1.19019e+00	1.27872e+00	1.22932e+00	9.74914e-01	6.27161e-01	2.01114e-01	4.54697e-02	         
1.87027e+00	2.05208e+00	2.21790e+00	2.27496e+00	2.20989e+00	2.02736e+00	1.75188e+00	1.45974e+00	1.26153e+00	1.14902e+00	9.42571e-01	4.89168e-01	2.45272e-01	9.36787e-02	2.48587e-02	         
2.01262e+00	2.08119e+00	2.16154e+00	2.19056e+00	2.11725e+00	1.94336e+00	1.71214e+00	1.47223e+00	1.21454e+00	9.34179e-01	6.43172e-01	2.41433e-01	8.31869e-02	3.05860e-02	9.33506e-03	         
1.99552e+00	2.02078e+00	2.05985e+00	2.07794e+00	1.98624e+00	1.79357e+00	1.54878e+00	1.28730e+00	9.71510e-01	4.86792e-01	2.48356e-01	1.00355e-01	3.02611e-02	               
1.85467e+00	1.85847e+00	1.86307e+00	1.84026e+00	1.69628e+00	1.41937e+00	1.14803e+00	9.02194e-01	6.29492e-01	2.38176e-01	8.30417e-02	3.12906e-02	9.87373e-03	               
1.58365e+00	1.57332e+00	1.54351e+00	1.46392e+00	1.24317e+00	7.00028e-01	4.47136e-01	3.26027e-01	2.14707e-01	9.31597e-02	2.90949e-02	                     
1.09057e+00	1.07548e+00	1.03527e+00	9.46665e-01	7.47188e-01	3.14933e-01	1.35915e-01	7.97087e-02	4.95886e-02	2.50944e-02	8.95054e-03	                     
3.84263e-01	3.76881e-01	3.58038e-01	3.18478e-01	2.38609e-01	1.13421e-01	3.98501e-02	                                 
8.76061e-02	8.54968e-02	8.02447e-02	6.96994e-02	5.16733e-02	2.85193e-02	1.07760e-02	                                 
                                                      

Z = 10
1.97763e+00	2.39395e+00	2.71110e+00	2.82240e+00	2.77287e+00	2.56805e+00	2.17686e+00	1.70198e+00	1.58631e+00	1.80417e+00	1.93928e+00	1.91516e+00	1.77799e+00	1.52061e+00	1.04239e+00	3.46872e-01	7.81102e-02	   
2.36812e+00	2.58142e+00	2.77594e+00	2.85049e+00	2.79817e+00	2.62225e+00	2.33483e+00	2.02906e+00	1.90471e+00	1.95609e+00	1.99414e+00	1.93737e+00	1.78155e+00	1.51000e+00	1.02717e+00	3.40095e-01	7.62617e-02	   
2.68621e+00	2.76502e+00	2.85152e+00	2.88037e+00	2.82411e+00	2.68355e+00	2.48582e+00	2.29071e+00	2.16220e+00	2.10426e+00	2.06169e+00	1.97175e+00	1.78491e+00	1.47917e+00	9.86910e-01	3.22807e-01	7.15738e-02	   
2.80556e+00	2.83939e+00	2.87632e+00	2.87734e+00	2.81815e+00	2.69837e+00	2.54069e+00	2.38160e+00	2.25154e+00	2.15712e+00	2.08360e+00	1.98484e+00	1.75972e+00	1.39875e+00	8.98991e-01	2.85947e-01	6.18708e-02	   
2.75731e+00	2.78798e+00	2.82059e+00	2.81849e+00	2.75871e+00	2.64088e+00	2.48634e+00	2.32901e+00	2.19687e+00	2.09620e+00	2.01444e+00	1.89900e+00	1.62287e+00	1.18217e+00	7.05934e-01	2.13374e-01	4.58829e-02	   
2.54744e+00	2.61388e+00	2.68484e+00	2.70329e+00	2.64525e+00	2.51165e+00	2.32618e+00	2.13984e+00	2.00600e+00	1.92619e+00	1.85487e+00	1.72015e+00	1.36500e+00	6.66528e-01	3.07266e-01	1.10041e-01	2.77184e-02	   
2.15721e+00	2.33738e+00	2.49791e+00	2.55304e+00	2.49769e+00	2.33556e+00	2.07735e+00	1.80017e+00	1.66965e+00	1.67464e+00	1.64457e+00	1.49152e+00	1.10638e+00	4.14612e-01	1.28433e-01	4.06696e-02	1.12232e-02	   
1.70554e+00	2.05487e+00	2.31624e+00	2.40051e+00	2.34646e+00	2.16055e+00	1.81940e+00	1.40651e+00	1.28174e+00	1.41375e+00	1.42450e+00	1.24207e+00	8.66795e-01	2.94754e-01	7.03536e-02	         
1.59040e+00	1.93145e+00	2.18944e+00	2.27266e+00	2.21641e+00	2.02788e+00	1.68905e+00	1.28238e+00	1.13975e+00	1.22534e+00	1.17856e+00	9.35011e-01	6.01664e-01	1.92974e-01	4.36359e-02	         
1.78971e+00	1.96341e+00	2.12186e+00	2.17646e+00	2.11443e+00	1.94018e+00	1.67711e+00	1.39810e+00	1.20888e+00	1.10151e+00	9.03875e-01	4.69192e-01	2.35306e-01	8.98869e-02	2.38559e-02	         
1.92830e+00	1.99381e+00	2.07058e+00	2.09831e+00	2.02815e+00	1.86176e+00	1.64056e+00	1.41105e+00	1.16439e+00	8.95826e-01	6.16887e-01	2.31596e-01	7.98095e-02	2.93485e-02	8.95852e-03	         
1.91373e+00	1.93783e+00	1.97513e+00	1.99235e+00	1.90436e+00	1.71964e+00	1.48502e+00	1.23443e+00	9.31732e-01	4.66908e-01	2.38236e-01	9.62748e-02	2.90339e-02	               
1.77995e+00	1.78350e+00	1.78776e+00	1.76571e+00	1.62742e+00	1.36163e+00	1.10128e+00	8.65461e-01	6.03887e-01	2.28495e-01	7.96695e-02	3.00215e-02	9.47387e-03	               
1.52063e+00	1.51064e+00	1.48190e+00	1.40533e+00	1.19327e+00	6.71828e-01	4.29058e-01	3.12826e-01	2.06012e-01	8.93888e-02	2.79182e-02	                     
1.04751e+00	1.03298e+00	9.94283e-01	9.09095e-01	7.17452e-01	3.02359e-01	1.30462e-01	7.64978e-02	4.75880e-02	2.40822e-02	8.58973e-03	                     
3.69163e-01	3.62057e-01	3.43932e-01	3.05904e-01	2.29167e-01	1.08925e-01	3.82664e-02	                                 
8.41759e-02	8.21464e-02	7.70955e-02	6.69590e-02	4.96380e-02	2.73949e-02	1.03509e-02	                                 
                                                      

Z = 11
1.79539e+00	2.17344e+00	2.46181e+00	2.56401e+00	2.52114e+00	2.33800e+00	1.98562e+00	1.55696e+00	1.45671e+00	1.66213e+00	1.79062e+00	1.77135e+00	1.64655e+00	1.40942e+00	9.66695e-01	3.21781e-01	7.24773e-02	   
2.15001e+00	2.34370e+00	2.52069e+00	2.58952e+00	2.54418e+00	2.38755e+00	2.13019e+00	1.85655e+00	1.74884e+00	1.80163e+00	1.84100e+00	1.79172e+00	1.64972e+00	1.39948e+00	9.52516e-01	3.15476e-01	7.07585e-02	   
2.43927e+00	2.51082e+00	2.58968e+00	2.61700e+00	2.56816e+00	2.44391e+00	2.26865e+00	2.09645e+00	1.98513e+00	1.93767e+00	1.90303e+00	1.82326e+00	1.65261e+00	1.37073e+00	9.15077e-01	2.99409e-01	6.64028e-02	   
2.54882e+00	2.57951e+00	2.61337e+00	2.61540e+00	2.56386e+00	2.45849e+00	2.31971e+00	2.18030e+00	2.06737e+00	1.98627e+00	1.92309e+00	1.83516e+00	1.62903e+00	1.29600e+00	8.33430e-01	2.65186e-01	5.73944e-02	   
2.50708e+00	2.53501e+00	2.56504e+00	2.56420e+00	2.51193e+00	2.40796e+00	2.27153e+00	2.13316e+00	2.01777e+00	1.93048e+00	1.85934e+00	1.75568e+00	1.50213e+00	1.09512e+00	6.54337e-01	1.97853e-01	4.25582e-02	   
2.31929e+00	2.38002e+00	2.44517e+00	2.46302e+00	2.41196e+00	2.29288e+00	2.12721e+00	1.96127e+00	1.84344e+00	1.77456e+00	1.71236e+00	1.59034e+00	1.26328e+00	6.17300e-01	2.84747e-01	1.02019e-01	2.57065e-02	   
1.96771e+00	2.13260e+00	2.27978e+00	2.33104e+00	2.28194e+00	2.13583e+00	1.90224e+00	1.65158e+00	1.53560e+00	1.54378e+00	1.51872e+00	1.37910e+00	1.02385e+00	3.83888e-01	1.18981e-01	3.76969e-02	1.04073e-02	   
1.56023e+00	1.88021e+00	2.11985e+00	2.19763e+00	2.14915e+00	1.98027e+00	1.66924e+00	1.29239e+00	1.18032e+00	1.30442e+00	1.31610e+00	1.14866e+00	8.02139e-01	2.72878e-01	6.51556e-02	         
1.46047e+00	1.77335e+00	2.01007e+00	2.08669e+00	2.03566e+00	1.86349e+00	1.55340e+00	1.18090e+00	1.05125e+00	1.13166e+00	1.08942e+00	8.64878e-01	5.56820e-01	1.78649e-01	4.04076e-02	         
1.64882e+00	1.80829e+00	1.95377e+00	2.00396e+00	1.94714e+00	1.78734e+00	1.54597e+00	1.28996e+00	1.11646e+00	1.01808e+00	8.35882e-01	4.34076e-01	2.17778e-01	8.32151e-02	2.20908e-02	         
1.78047e+00	1.84062e+00	1.91111e+00	1.93652e+00	1.87184e+00	1.71859e+00	1.51493e+00	1.30363e+00	1.07631e+00	8.28435e-01	5.70685e-01	2.14302e-01	7.38694e-02	2.71711e-02	8.29576e-03	         
1.76997e+00	1.79206e+00	1.82627e+00	1.84196e+00	1.76049e+00	1.58975e+00	1.37299e+00	1.14153e+00	8.61818e-01	4.31956e-01	2.20444e-01	8.91005e-02	2.68754e-02	               
1.64829e+00	1.65143e+00	1.65514e+00	1.63445e+00	1.50621e+00	1.26005e+00	1.01905e+00	8.00855e-01	5.58855e-01	2.11469e-01	7.37386e-02	2.77892e-02	8.77047e-03	               
1.40936e+00	1.40000e+00	1.37317e+00	1.30199e+00	1.10532e+00	6.22149e-01	3.97232e-01	2.89593e-01	1.90712e-01	8.27536e-02	2.58476e-02	                     
9.71396e-01	9.57853e-01	9.21860e-01	8.42740e-01	6.64961e-01	2.80175e-01	1.20851e-01	7.08430e-02	4.40660e-02	2.23004e-02	7.95455e-03	                     
3.42445e-01	3.35834e-01	3.18986e-01	2.83676e-01	2.12483e-01	1.00983e-01	3.54709e-02	                                 
7.81022e-02	7.62151e-02	7.15221e-02	6.21110e-02	4.60388e-02	2.54070e-02	9.59943e-03	                                 
                                                      

Z = 12
1.54467e+00	1.86888e+00	2.11576e+00	2.20386e+00	2.16977e+00	2.01749e+00	1.72031e+00	1.35695e+00	1.27906e+00	1.46810e+00	1.58778e+00	1.57510e+00	1.46706e+00	1.25746e+00	8.63181e-01	2.87457e-01	6.47693e-02	   
1.84887e+00	2.01363e+00	2.16351e+00	2.22210e+00	2.18601e+00	2.05775e+00	1.84466e+00	1.61788e+00	1.53481e+00	1.59047e+00	1.63199e+00	1.59294e+00	1.46969e+00	1.24846e+00	8.50440e-01	2.81801e-01	6.32286e-02	   
2.09672e+00	2.15520e+00	2.21890e+00	2.24057e+00	2.20159e+00	2.10283e+00	1.96319e+00	1.82660e+00	1.74148e+00	1.70971e+00	1.68640e+00	1.62059e+00	1.47195e+00	1.22257e+00	8.16873e-01	2.67408e-01	5.93284e-02	   
2.19130e+00	2.21378e+00	2.23748e+00	2.23637e+00	2.19505e+00	2.11357e+00	2.00687e+00	1.89974e+00	1.81353e+00	1.75228e+00	1.70385e+00	1.63084e+00	1.45060e+00	1.15562e+00	7.43818e-01	2.36796e-01	5.12714e-02	   
2.15820e+00	2.17845e+00	2.19901e+00	2.19543e+00	2.15319e+00	2.07239e+00	1.96699e+00	1.85993e+00	1.77078e+00	1.70341e+00	1.64744e+00	1.56005e+00	1.33729e+00	9.76223e-01	5.83827e-01	1.76635e-01	3.80114e-02	   
2.00170e+00	2.05153e+00	2.10411e+00	2.11768e+00	2.07598e+00	1.97999e+00	1.84631e+00	1.71257e+00	1.61938e+00	1.56684e+00	1.51767e+00	1.41316e+00	1.12442e+00	5.50079e-01	2.53983e-01	9.10549e-02	2.29555e-02	   
1.70495e+00	1.84694e+00	1.97296e+00	2.01674e+00	1.97601e+00	1.85378e+00	1.65696e+00	1.44540e+00	1.35114e+00	1.36463e+00	1.34684e+00	1.22566e+00	9.11206e-01	3.41948e-01	1.06074e-01	3.36352e-02	9.29193e-03	   
1.35985e+00	1.63856e+00	1.84695e+00	1.91469e+00	1.87370e+00	1.72907e+00	1.46084e+00	1.13488e+00	1.04113e+00	1.15492e+00	1.16809e+00	1.02117e+00	7.13902e-01	2.43021e-01	5.80602e-02	         
1.28236e+00	1.55620e+00	1.76315e+00	1.83021e+00	1.78620e+00	1.63678e+00	1.36668e+00	1.04161e+00	9.30133e-01	1.00368e+00	9.67740e-01	7.69175e-01	4.95627e-01	1.59100e-01	3.60018e-02	         
1.45635e+00	1.59618e+00	1.72364e+00	1.76758e+00	1.71782e+00	1.57786e+00	1.36638e+00	1.14205e+00	9.90205e-01	9.04193e-01	7.43097e-01	3.86163e-01	1.93862e-01	7.41111e-02	1.96820e-02	         
1.57874e+00	1.63150e+00	1.69331e+00	1.71547e+00	1.65823e+00	1.52294e+00	1.34329e+00	1.15694e+00	9.56071e-01	7.36471e-01	5.07644e-01	1.90706e-01	6.57650e-02	2.42001e-02	7.39134e-03	         
1.57378e+00	1.59309e+00	1.62306e+00	1.63665e+00	1.56408e+00	1.41241e+00	1.22007e+00	1.01474e+00	7.66410e-01	3.84263e-01	1.96169e-01	7.93124e-02	2.39306e-02	               
1.46849e+00	1.47108e+00	1.47404e+00	1.45523e+00	1.34073e+00	1.12138e+00	9.06810e-01	7.12684e-01	4.97402e-01	1.88236e-01	6.56465e-02	2.47437e-02	7.81079e-03	               
1.25731e+00	1.24881e+00	1.22462e+00	1.16083e+00	9.85176e-01	5.54312e-01	3.53786e-01	2.57884e-01	1.69832e-01	7.36991e-02	2.30222e-02	                     
8.67313e-01	8.55134e-01	8.22849e-01	7.52044e-01	5.93231e-01	2.49871e-01	1.07726e-01	6.31238e-02	3.92592e-02	1.98686e-02	7.08772e-03	                     
3.05896e-01	2.99964e-01	2.84870e-01	2.53283e-01	1.89676e-01	9.01282e-02	3.16509e-02	                                 
6.97911e-02	6.80996e-02	6.38973e-02	5.54799e-02	4.11167e-02	2.26888e-02	8.57202e-03	                                 
                                                      

Z = 13
1.24592e+00	1.50391e+00	1.69795e+00	1.76638e+00	1.74218e+00	1.62854e+00	1.40003e+00	1.11682e+00	1.06653e+00	1.23604e+00	1.34484e+00	1.33958e+00	1.25123e+00	1.07445e+00	7.38379e-01	2.46048e-01	5.54655e-02	   
1.48827e+00	1.61414e+00	1.72385e+00	1.76326e+00	1.73764e+00	1.64916e+00	1.49615e+00	1.33002e+00	1.27832e+00	1.33781e+00	1.38163e+00	1.35439e+00	1.25324e+00	1.06659e+00	7.27388e-01	2.41180e-01	5.41407e-02	   
1.68397e+00	1.71833e+00	1.74563e+00	1.74074e+00	1.71308e+00	1.66354e+00	1.58410e+00	1.49920e+00	1.44887e+00	1.43676e+00	1.42689e+00	1.37740e+00	1.25477e+00	1.04419e+00	6.98515e-01	2.28816e-01	5.07922e-02	   
1.75837e+00	1.75904e+00	1.74020e+00	1.69505e+00	1.66573e+00	1.65209e+00	1.61340e+00	1.55777e+00	1.50816e+00	1.47192e+00	1.44118e+00	1.38570e+00	1.23615e+00	9.86669e-01	6.35849e-01	2.02568e-01	4.38849e-02	   
1.73497e+00	1.73407e+00	1.71302e+00	1.66613e+00	1.63575e+00	1.62174e+00	1.58307e+00	1.52644e+00	1.47340e+00	1.43123e+00	1.39351e+00	1.32533e+00	1.13922e+00	8.33174e-01	4.98904e-01	1.51060e-01	3.25278e-02	   
1.61714e+00	1.64547e+00	1.66488e+00	1.65383e+00	1.62298e+00	1.57335e+00	1.49563e+00	1.40972e+00	1.34969e+00	1.31780e+00	1.28432e+00	1.20058e+00	9.57622e-01	4.69240e-01	2.16945e-01	7.78449e-02	1.96388e-02	   
1.38807e+00	1.49835e+00	1.59144e+00	1.61961e+00	1.58854e+00	1.50091e+00	1.35539e+00	1.19545e+00	1.12936e+00	1.14985e+00	1.14078e+00	1.04154e+00	7.75915e-01	2.91537e-01	9.05460e-02	2.87436e-02	7.94752e-03	   
1.11933e+00	1.34696e+00	1.51530e+00	1.56889e+00	1.53656e+00	1.42259e+00	1.20802e+00	9.44928e-01	8.74020e-01	9.75671e-01	9.90595e-01	8.68179e-01	6.07929e-01	2.07142e-01	4.95290e-02	         
1.06924e+00	1.29584e+00	1.46634e+00	1.52127e+00	1.48546e+00	1.36361e+00	1.14204e+00	8.74341e-01	7.84874e-01	8.50215e-01	8.21771e-01	6.54298e-01	4.22129e-01	1.35610e-01	3.07056e-02	         
1.22610e+00	1.34231e+00	1.44798e+00	1.48422e+00	1.44278e+00	1.32659e+00	1.15100e+00	9.64695e-01	8.38800e-01	7.67575e-01	6.31749e-01	3.28639e-01	1.65136e-01	6.31718e-02	1.67864e-02	         
1.33710e+00	1.38098e+00	1.43237e+00	1.45058e+00	1.40221e+00	1.28840e+00	1.13751e+00	9.81008e-01	8.11829e-01	6.26106e-01	4.31963e-01	1.62372e-01	5.60298e-02	2.06301e-02	6.30418e-03	         
1.33831e+00	1.35432e+00	1.37922e+00	1.39030e+00	1.32842e+00	1.19965e+00	1.03657e+00	8.62569e-01	6.51885e-01	3.27006e-01	1.67020e-01	6.75563e-02	2.03928e-02	               
1.25230e+00	1.25425e+00	1.25634e+00	1.23985e+00	1.14191e+00	9.54817e-01	7.72010e-01	6.06793e-01	4.23594e-01	1.60332e-01	5.59264e-02	2.10850e-02	6.65772e-03	               
1.07419e+00	1.06676e+00	1.04578e+00	9.90938e-01	8.40648e-01	4.72743e-01	3.01570e-01	2.19782e-01	1.44743e-01	6.28190e-02	1.96269e-02	                     
7.41833e-01	7.31317e-01	7.03529e-01	6.42780e-01	5.06849e-01	2.13391e-01	9.19384e-02	5.38430e-02	3.34810e-02	1.69454e-02	6.04565e-03	                     
2.61806e-01	2.56698e-01	2.43729e-01	2.16643e-01	1.62190e-01	7.70497e-02	2.70499e-02	                                 
5.97602e-02	5.83058e-02	5.46978e-02	4.74813e-02	3.51810e-02	1.94113e-02	7.33333e-03	                                 
                                                      

Z = 14
9.35498e-01	1.12432e+00	1.26268e+00	1.30969e+00	1.29486e+00	1.22056e+00	1.06272e+00	8.61958e-01	8.38199e-01	9.83886e-01	1.07868e+00	1.07993e+00	1.01217e+00	8.71082e-01	5.99417e-01	1.99888e-01	4.50855e-02	   
1.11336e+00	1.19743e+00	1.26152e+00	1.27596e+00	1.26030e+00	1.21630e+00	1.12776e+00	1.02419e+00	1.00294e+00	1.06355e+00	1.10752e+00	1.09151e+00	1.01356e+00	8.64559e-01	5.90405e-01	1.95908e-01	4.40034e-02	   
1.25445e+00	1.26023e+00	1.23459e+00	1.17586e+00	1.15926e+00	1.18507e+00	1.18097e+00	1.15098e+00	1.13483e+00	1.14075e+00	1.14295e+00	1.10954e+00	1.01442e+00	8.46119e-01	5.66810e-01	1.85819e-01	4.12731e-02	   
1.30717e+00	1.28010e+00	1.18498e+00	1.03048e+00	1.01355e+00	1.13179e+00	1.19305e+00	1.19362e+00	1.18034e+00	1.16796e+00	1.15389e+00	1.11579e+00	9.98938e-01	7.99172e-01	5.15768e-01	1.64451e-01	3.56512e-02	   
1.29295e+00	1.26494e+00	1.16874e+00	1.01382e+00	9.95814e-01	1.11219e+00	1.17214e+00	1.17083e+00	1.15387e+00	1.13599e+00	1.11574e+00	1.06695e+00	9.20243e-01	6.74525e-01	4.04511e-01	1.22594e-01	2.64177e-02	   
1.21424e+00	1.21654e+00	1.18639e+00	1.12399e+00	1.10402e+00	1.12677e+00	1.12046e+00	1.08619e+00	1.05939e+00	1.04730e+00	1.02887e+00	9.66540e-01	7.73279e-01	3.79660e-01	1.75809e-01	6.31504e-02	1.59448e-02	   
1.05449e+00	1.12984e+00	1.18440e+00	1.19134e+00	1.16982e+00	1.12213e+00	1.03312e+00	9.27713e-01	8.89952e-01	9.16004e-01	9.14899e-01	8.38760e-01	6.26423e-01	2.35723e-01	7.33189e-02	2.33063e-02	6.45080e-03	   
8.64043e-01	1.03701e+00	1.16214e+00	1.20002e+00	1.17642e+00	1.09480e+00	9.37093e-01	7.40489e-01	6.92787e-01	7.79842e-01	7.95668e-01	6.99534e-01	4.90817e-01	1.67431e-01	4.00743e-02	         
8.40252e-01	1.01628e+00	1.14775e+00	1.18956e+00	1.16226e+00	1.06954e+00	8.99525e-01	6.92932e-01	6.26380e-01	6.81923e-01	6.61144e-01	5.27548e-01	3.40876e-01	1.09610e-01	2.48377e-02	         
9.75910e-01	1.06678e+00	1.14909e+00	1.17705e+00	1.14449e+00	1.05371e+00	9.16542e-01	7.70942e-01	6.72763e-01	6.17295e-01	5.08993e-01	2.65122e-01	1.33370e-01	5.10619e-02	1.35781e-02	         
1.07238e+00	1.10674e+00	1.14693e+00	1.16095e+00	1.12223e+00	1.03173e+00	9.11986e-01	7.87830e-01	6.53107e-01	5.04436e-01	3.48410e-01	1.31061e-01	4.52612e-02	1.66772e-02	5.09944e-03	         
1.07876e+00	1.09125e+00	1.11071e+00	1.11915e+00	1.06909e+00	9.65482e-01	8.34523e-01	6.94871e-01	5.25541e-01	2.63786e-01	1.34809e-01	5.45562e-02	1.64777e-02	               
1.01288e+00	1.01421e+00	1.01547e+00	1.00168e+00	9.22161e-01	7.70793e-01	6.23106e-01	4.89799e-01	3.42009e-01	1.29477e-01	4.51749e-02	1.70364e-02	5.38111e-03	               
8.70749e-01	8.64551e-01	8.47251e-01	8.02454e-01	6.80409e-01	3.82385e-01	2.43775e-01	1.77618e-01	1.16977e-01	5.07749e-02	1.58672e-02	                     
6.02140e-01	5.93506e-01	5.70782e-01	5.21288e-01	4.10862e-01	1.72887e-01	7.44284e-02	4.35589e-02	2.70797e-02	1.37064e-02	4.89072e-03	                     
2.12665e-01	2.08486e-01	1.97901e-01	1.75848e-01	1.31603e-01	6.25019e-02	2.19348e-02	                                 
4.85705e-02	4.73826e-02	4.44406e-02	3.85667e-02	2.85683e-02	1.57605e-02	5.95371e-03	                                 
                                                      

Z = 15
6.50889e-01	7.79364e-01	8.71430e-01	9.01988e-01	8.94414e-01	8.50363e-01	7.49918e-01	6.18587e-01	6.12731e-01	7.28609e-01	8.05017e-01	8.10121e-01	7.61932e-01	6.57178e-01	4.52815e-01	1.51111e-01	3.41007e-02	   
7.72158e-01	8.25097e-01	8.61072e-01	8.65254e-01	8.57252e-01	8.38458e-01	7.92004e-01	7.33839e-01	7.32010e-01	7.86629e-01	8.26046e-01	8.18540e-01	7.62798e-01	6.52126e-01	4.45930e-01	1.48078e-01	3.32776e-02	   
8.66852e-01	8.61071e-01	8.26297e-01	7.71653e-01	7.63145e-01	8.01377e-01	8.23264e-01	8.22836e-01	8.27030e-01	8.42668e-01	8.51840e-01	8.31659e-01	7.63133e-01	6.37984e-01	4.27972e-01	1.40412e-01	3.12048e-02	   
9.01997e-01	8.69921e-01	7.79076e-01	6.49988e-01	6.41180e-01	7.51682e-01	8.27197e-01	8.52207e-01	8.59657e-01	8.62266e-01	8.59600e-01	8.35995e-01	7.51136e-01	6.02305e-01	3.89271e-01	1.24221e-01	2.69456e-02	   
8.94861e-01	8.62318e-01	7.70902e-01	6.41468e-01	6.31656e-01	7.40353e-01	8.14165e-01	8.36974e-01	8.40965e-01	8.38895e-01	8.31157e-01	7.99187e-01	6.91643e-01	5.08098e-01	3.05157e-01	9.25664e-02	1.99598e-02	   
8.47097e-01	8.39658e-01	8.02562e-01	7.45499e-01	7.33819e-01	7.68141e-01	7.85971e-01	7.79777e-01	7.73833e-01	7.74354e-01	7.66813e-01	7.23926e-01	5.80938e-01	2.85793e-01	1.32549e-01	4.76586e-02	1.20420e-02	   
7.44562e-01	7.93766e-01	8.25292e-01	8.24838e-01	8.11321e-01	7.86592e-01	7.35059e-01	6.70457e-01	6.52551e-01	6.78839e-01	6.82556e-01	6.28338e-01	4.70462e-01	1.77305e-01	5.52269e-02	1.75776e-02	4.86980e-03	   
6.20180e-01	7.42981e-01	8.30357e-01	8.55898e-01	8.40060e-01	7.85416e-01	6.77082e-01	5.40096e-01	5.10880e-01	5.79796e-01	5.94443e-01	5.24265e-01	3.68585e-01	1.25882e-01	3.01585e-02	         
6.14195e-01	7.41517e-01	8.35994e-01	8.65771e-01	8.46471e-01	7.80781e-01	6.59322e-01	5.10921e-01	4.64983e-01	5.08689e-01	4.94687e-01	3.95589e-01	2.56007e-01	8.23984e-02	1.86848e-02	         
7.22668e-01	7.88774e-01	8.48445e-01	8.68533e-01	8.44732e-01	7.78715e-01	6.78978e-01	5.73092e-01	5.01854e-01	4.61672e-01	3.81355e-01	1.98894e-01	1.00167e-01	3.83813e-02	1.02127e-02	         
8.00247e-01	8.25277e-01	8.54515e-01	8.64515e-01	8.35649e-01	7.68643e-01	6.80171e-01	5.88485e-01	4.88646e-01	3.77934e-01	2.61313e-01	9.83659e-02	3.39948e-02	1.25347e-02	3.83504e-03	         
8.09128e-01	8.18178e-01	8.32314e-01	8.38249e-01	8.00524e-01	7.22906e-01	6.24993e-01	5.20663e-01	3.94034e-01	1.97877e-01	1.01175e-01	4.09629e-02	1.23777e-02	               
7.62350e-01	7.63142e-01	7.63752e-01	7.52997e-01	6.92890e-01	5.78907e-01	4.67851e-01	3.67744e-01	2.56820e-01	9.72352e-02	3.39280e-02	1.27968e-02	4.04291e-03	               
6.56826e-01	6.52012e-01	6.38715e-01	6.04640e-01	5.12395e-01	2.87759e-01	1.83311e-01	1.33513e-01	8.79215e-02	3.81644e-02	1.19270e-02	                     
4.54810e-01	4.48206e-01	4.30900e-01	3.93360e-01	3.09875e-01	1.30314e-01	5.60472e-02	3.27736e-02	2.03673e-02	1.03088e-02	3.67858e-03	                     
1.60742e-01	1.57558e-01	1.49514e-01	1.32802e-01	9.93465e-02	4.71665e-02	1.65448e-02	                                 
3.67276e-02	3.58242e-02	3.35912e-02	2.91416e-02	2.15795e-02	1.19028e-02	4.49581e-03	                                 
                                                      

Z = 16
4.07043e-01	4.86909e-01	5.43936e-01	5.63256e-01	5.60204e-01	5.35764e-01	4.76492e-01	3.97734e-01	3.99549e-01	4.80212e-01	5.34193e-01	5.40050e-01	5.09415e-01	4.40071e-01	3.03366e-01	1.01201e-01	2.28181e-02	   
4.82492e-01	5.14584e-01	5.35879e-01	5.38349e-01	5.35092e-01	5.27050e-01	5.02958e-01	4.72019e-01	4.77161e-01	5.18162e-01	5.47981e-01	5.45534e-01	5.09877e-01	4.36588e-01	2.98689e-01	9.91495e-02	2.22628e-02	   
5.41284e-01	5.35952e-01	5.12169e-01	4.77424e-01	4.73869e-01	5.02186e-01	5.22390e-01	5.29390e-01	5.38995e-01	5.54812e-01	5.64872e-01	5.54066e-01	5.09879e-01	4.26922e-01	2.86529e-01	9.39750e-02	2.08675e-02	   
5.63565e-01	5.41335e-01	4.81925e-01	3.99642e-01	3.95773e-01	4.70310e-01	5.24870e-01	5.48521e-01	5.60357e-01	5.67630e-01	5.69851e-01	5.56708e-01	5.01552e-01	4.02751e-01	2.60424e-01	8.30822e-02	1.80093e-02	   
5.60788e-01	5.38352e-01	4.78630e-01	3.96016e-01	3.91361e-01	4.64545e-01	5.17633e-01	5.39392e-01	5.48526e-01	5.52349e-01	5.50914e-01	5.31960e-01	4.61481e-01	3.39428e-01	2.03956e-01	6.18631e-02	1.33332e-02	   
5.33904e-01	5.27937e-01	5.03060e-01	4.66737e-01	4.60698e-01	4.85638e-01	5.01931e-01	5.03721e-01	5.05361e-01	5.10144e-01	5.08280e-01	4.81660e-01	3.87294e-01	1.90701e-01	8.85000e-02	3.18275e-02	8.04145e-03	   
4.73181e-01	5.04200e-01	5.23827e-01	5.23588e-01	5.16012e-01	5.02397e-01	4.72498e-01	4.34613e-01	4.27009e-01	4.47701e-01	4.52538e-01	4.17918e-01	3.13409e-01	1.18171e-01	3.68218e-02	1.17295e-02	3.25159e-03	   
3.98790e-01	4.77940e-01	5.34246e-01	5.50882e-01	5.41352e-01	5.07348e-01	4.38906e-01	3.51975e-01	3.35384e-01	3.83009e-01	3.94272e-01	3.48594e-01	2.45378e-01	8.38213e-02	2.00790e-02	         
4.00504e-01	4.83294e-01	5.44734e-01	5.64214e-01	5.51986e-01	5.09792e-01	4.31373e-01	3.35396e-01	3.06587e-01	3.36674e-01	3.28256e-01	2.62943e-01	1.70320e-01	5.48283e-02	1.24300e-02	         
4.76308e-01	5.19490e-01	5.58478e-01	5.71602e-01	5.56037e-01	5.12877e-01	4.47694e-01	3.78557e-01	3.32154e-01	3.06069e-01	2.53149e-01	1.32138e-01	6.65962e-02	2.55259e-02	6.79227e-03	         
5.31016e-01	5.47397e-01	5.66520e-01	5.72962e-01	5.53736e-01	5.09344e-01	4.50847e-01	3.90273e-01	3.24233e-01	2.50870e-01	1.73521e-01	6.53298e-02	2.25868e-02	8.33363e-03	2.55066e-03	         
5.39338e-01	5.45216e-01	5.54394e-01	5.58078e-01	5.32698e-01	4.80820e-01	4.15560e-01	3.46127e-01	2.61886e-01	1.31455e-01	6.71960e-02	2.72044e-02	8.22103e-03	               
5.09612e-01	5.10012e-01	5.10186e-01	5.02685e-01	4.62193e-01	3.85808e-01	3.11562e-01	2.44768e-01	1.70852e-01	6.46440e-02	2.25421e-02	8.50092e-03	2.68558e-03	               
4.39718e-01	4.36393e-01	4.27300e-01	4.04225e-01	3.42230e-01	1.91961e-01	1.22150e-01	8.89088e-02	5.85186e-02	2.53877e-02	7.93004e-03	                     
3.04621e-01	3.00135e-01	2.88423e-01	2.63119e-01	2.07091e-01	8.69970e-02	3.73701e-02	2.18354e-02	1.35631e-02	6.86180e-03	2.44749e-03	                     
1.07654e-01	1.05501e-01	1.00075e-01	8.88369e-02	6.64110e-02	3.15058e-02	1.10424e-02	                                 
2.45969e-02	2.39874e-02	2.24843e-02	1.94971e-02	1.44304e-02	7.95502e-03	3.00312e-03	                                 
                                                      

Z = 17
1.93252e-01	2.34444e-01	2.63852e-01	2.74011e-01	2.73152e-01	2.61717e-01	2.32250e-01	1.92485e-01	1.95038e-01	2.39320e-01	2.69228e-01	2.73376e-01	2.58248e-01	2.22991e-01	1.53397e-01	5.12184e-02	1.16590e-02	   
2.32215e-01	2.48742e-01	2.59757e-01	2.61338e-01	2.60402e-01	2.57409e-01	2.46326e-01	2.31756e-01	2.36144e-01	2.59328e-01	2.76325e-01	2.76107e-01	2.58395e-01	2.21151e-01	1.50987e-01	5.01655e-02	1.13720e-02	   
2.62540e-01	2.59805e-01	2.47652e-01	2.30054e-01	2.28979e-01	2.44837e-01	2.56780e-01	2.62074e-01	2.68772e-01	2.78522e-01	2.84960e-01	2.80273e-01	2.58169e-01	2.16064e-01	1.44731e-01	4.75106e-02	1.06523e-02	   
2.74183e-01	2.62858e-01	2.32365e-01	1.90346e-01	1.89072e-01	2.28723e-01	2.58459e-01	2.72285e-01	2.80048e-01	2.85246e-01	2.87425e-01	2.81328e-01	2.53538e-01	2.03364e-01	1.31252e-01	4.19345e-02	9.18825e-03	   
2.73453e-01	2.62056e-01	2.31426e-01	1.89202e-01	1.87492e-01	2.26408e-01	2.55283e-01	2.68005e-01	2.74247e-01	2.77542e-01	2.77707e-01	2.68502e-01	2.32797e-01	1.70754e-01	1.02421e-01	3.11882e-02	6.81082e-03	   
2.60765e-01	2.57854e-01	2.45284e-01	2.26890e-01	2.24432e-01	2.38327e-01	2.47907e-01	2.50114e-01	2.52319e-01	2.56015e-01	2.55940e-01	2.42771e-01	1.94974e-01	9.61645e-02	4.47785e-02	1.61574e-02	4.11951e-03	   
2.30517e-01	2.46947e-01	2.57508e-01	2.57807e-01	2.54461e-01	2.48149e-01	2.33429e-01	2.14583e-01	2.11778e-01	2.23863e-01	2.27445e-01	2.10329e-01	1.57550e-01	5.96078e-02	1.87855e-02	6.02338e-03	1.67673e-03	   
1.92997e-01	2.34783e-01	2.64525e-01	2.73454e-01	2.68976e-01	2.51958e-01	2.16809e-01	1.71828e-01	1.64125e-01	1.90437e-01	1.97651e-01	1.75025e-01	1.23096e-01	4.21625e-02	1.02225e-02	         
1.95520e-01	2.39289e-01	2.71654e-01	2.81941e-01	2.75945e-01	2.54550e-01	2.14038e-01	1.64141e-01	1.49975e-01	1.67104e-01	1.64157e-01	1.31533e-01	8.51546e-02	2.75402e-02	6.32662e-03	         
2.37309e-01	2.60003e-01	2.80353e-01	2.87208e-01	2.79364e-01	2.57380e-01	2.23865e-01	1.88164e-01	1.64770e-01	1.52338e-01	1.26332e-01	6.62390e-02	3.35359e-02	1.29014e-02	3.46489e-03	         
2.67658e-01	2.76056e-01	2.85793e-01	2.88988e-01	2.79113e-01	2.56464e-01	2.26596e-01	1.95676e-01	1.62148e-01	1.25072e-01	8.64367e-02	3.27901e-02	1.14966e-02	4.26239e-03	1.30934e-03	         
2.73101e-01	2.75999e-01	2.80450e-01	2.82016e-01	2.68808e-01	2.42193e-01	2.09013e-01	1.73795e-01	1.31162e-01	6.59011e-02	3.37788e-02	1.37267e-02	4.19267e-03	               
2.58402e-01	2.58492e-01	2.58327e-01	2.54138e-01	2.33128e-01	1.93919e-01	1.56351e-01	1.22682e-01	8.54672e-02	3.25116e-02	1.14749e-02	4.34450e-03	1.37771e-03	               
2.22673e-01	2.20902e-01	2.16109e-01	2.04088e-01	1.72335e-01	9.68003e-02	6.17104e-02	4.48947e-02	2.95294e-02	1.28391e-02	4.04940e-03	                     
1.53768e-01	1.51454e-01	1.45438e-01	1.32467e-01	1.04030e-01	4.39747e-02	1.91018e-02	1.11975e-02	6.95795e-03	3.51399e-03	1.25718e-03	                     
5.46650e-02	5.35549e-02	5.07648e-02	4.50115e-02	3.36261e-02	1.59959e-02	5.66430e-03	                                 
1.26692e-02	1.23523e-02	1.15729e-02	1.00331e-02	7.43022e-03	4.08881e-03	1.54889e-03	                                 
                                                      

Z = 18
3.02190e-02	3.50279e-02	3.90357e-02	4.06680e-02	4.05958e-02	3.88796e-02	3.49514e-02	3.04401e-02	3.09587e-02	3.63743e-02	4.05442e-02	4.12530e-02	3.87543e-02	3.29139e-02	2.28095e-02	1.00809e-02	3.00083e-03	   
3.49075e-02	3.69555e-02	3.84923e-02	3.88232e-02	3.87414e-02	3.83141e-02	3.68775e-02	3.52375e-02	3.60333e-02	3.92030e-02	4.16715e-02	4.16413e-02	3.87407e-02	3.26274e-02	2.24531e-02	9.87395e-03	2.92670e-03	   
3.89633e-02	3.84998e-02	3.68232e-02	3.46500e-02	3.45468e-02	3.65839e-02	3.83608e-02	3.93483e-02	4.05041e-02	4.20272e-02	4.29471e-02	4.20672e-02	3.84987e-02	3.18052e-02	2.15205e-02	9.35090e-03	2.74185e-03	   
4.06916e-02	3.89260e-02	3.47838e-02	2.98528e-02	2.97115e-02	3.44168e-02	3.85876e-02	4.08750e-02	4.21963e-02	4.30453e-02	4.31954e-02	4.17480e-02	3.73422e-02	2.98148e-02	1.95316e-02	8.26691e-03	2.37411e-03	   
4.06343e-02	3.88599e-02	3.46970e-02	2.97277e-02	2.95151e-02	3.41100e-02	3.81421e-02	4.02479e-02	4.13227e-02	4.18587e-02	4.16294e-02	3.95856e-02	3.40248e-02	2.52289e-02	1.54587e-02	6.27937e-03	1.78434e-03	   
3.88491e-02	3.83678e-02	3.66349e-02	3.43364e-02	3.40127e-02	3.57362e-02	3.71219e-02	3.75931e-02	3.80111e-02	3.85430e-02	3.82581e-02	3.56727e-02	2.86488e-02	1.70331e-02	8.69576e-03	3.60934e-03	1.09407e-03	   
3.48925e-02	3.69512e-02	3.84402e-02	3.85786e-02	3.81148e-02	3.71490e-02	3.50880e-02	3.26712e-02	3.22361e-02	3.35683e-02	3.37472e-02	3.07762e-02	2.31612e-02	1.15469e-02	4.56376e-03	1.55806e-03	4.61379e-04	   
3.05163e-02	3.54583e-02	3.95463e-02	4.09903e-02	4.03433e-02	3.77324e-02	3.28110e-02	2.72076e-02	2.58867e-02	2.83386e-02	2.88763e-02	2.54763e-02	1.81325e-02	8.27077e-03	2.64932e-03	         
3.10535e-02	3.62814e-02	4.07487e-02	4.23777e-02	4.14843e-02	3.81942e-02	3.23969e-02	2.59023e-02	2.35263e-02	2.46512e-02	2.37666e-02	1.93111e-02	1.27619e-02	5.50129e-03	1.64757e-03	         
3.63611e-02	3.93405e-02	4.22325e-02	4.32505e-02	4.20471e-02	3.86949e-02	3.36234e-02	2.82424e-02	2.45392e-02	2.22428e-02	1.84278e-02	1.16250e-02	6.42282e-03	2.85030e-03	9.10961e-04	         
4.05801e-02	4.17803e-02	4.31152e-02	4.33930e-02	4.18098e-02	3.83757e-02	3.37655e-02	2.87976e-02	2.36712e-02	1.84055e-02	1.28562e-02	6.42526e-03	2.76650e-03	1.08722e-03	3.56901e-04	         
4.13901e-02	4.17818e-02	4.22150e-02	4.19085e-02	3.97230e-02	3.57645e-02	3.08110e-02	2.54681e-02	1.92748e-02	1.16132e-02	6.45448e-03	3.04190e-03	1.11360e-03	               
3.89283e-02	3.88994e-02	3.86421e-02	3.74792e-02	3.41372e-02	2.87550e-02	2.32577e-02	1.82181e-02	1.27976e-02	6.39194e-03	2.76153e-03	1.11163e-03	3.78315e-04	               
3.30825e-02	3.27849e-02	3.19509e-02	2.99399e-02	2.53034e-02	1.70967e-02	1.16624e-02	8.40264e-03	5.57356e-03	2.83346e-03	1.07418e-03	                     
2.30159e-02	2.26499e-02	2.17019e-02	1.96810e-02	1.55258e-02	8.65495e-03	4.55517e-03	2.65872e-03	1.64040e-03	8.84316e-04	3.43685e-04	                     
1.02424e-02	1.00257e-02	9.48344e-03	8.37038e-03	6.32128e-03	3.54588e-03	1.50944e-03	                                 
2.96785e-03	2.89075e-03	2.70200e-03	2.33308e-03	1.73829e-03	1.03391e-03	4.26917e-04	                                 
                                                      

