
[STRUCTURE]
Layer z = 0
  4   4   4   4   4   4   4   4   4   4   4   4   4   4   4   4   4     
  4   4   4   4   4   4   4   4   4   4   4   4   4   4   4   4   4     
  4   4   4   4   4   4   4   4   4   4   4   4   4   4   4   4   4     
  4   4   4   4   4   4   4   4   4   4   4   4   4   4   4   4   4     
  4   4   4   4   4   4   4   4   4   4   4   4   4   4   4   4   4     
  4   4   4   4   4   4   4   4   4   4   4   4   4   4   4   4   4     
  4   4   4   4   4   4   4   4   4   4   4   4   4   4   4   4   4     
  4   4   4   4   4   4   4   4   4   4   4   4   4   4   4             
  4   4   4   4   4   4   4   4   4   4   4   4   4   4   4             
  4   4   4   4   4   4   4   4   4   4   4   4   4   4   4             
  4   4   4   4   4   4   4   4   4   4   4   4   4   4   4             
  4   4   4   4   4   4   4   4   4   4   4   4   4                     
  4   4   4   4   4   4   4   4   4   4   4   4   4                     
  4   4   4   4   4   4   4   4   4   4   4                             
  4   4   4   4   4   4   4   4   4   4   4                             
  4   4   4   4   4   4   4                                             
  4   4   4   4   4   4   4                                             
                                                                        
----
Layer z = 1
  3   2   2   2   2   2   2   3   3   2   2   2   2   1   1   4   4     
  2   2   2   2   2   2   2   2   2   2   2   2   2   1   1   4   4     
  2   2   2   2   2   2   2   2   2   2   2   2   2   1   1   4   4     
  2   2   2   2   2   2   2   2   2   2   2   1   1   1   1   4   4     
  2   2   2   2   2   2   2   2   2   2   2   1   1   1   1   4   4     
  2   2   2   2   2   2   2   2   2   2   2   1   1   4   4   4   4     
  2   2   2   2   2   2   2   2   2   2   2   1   1   4   4   4   4     
  3   2   2   2   2   2   2   3   3   1   1   1   1   4   4             
  3   2   2   2   2   2   2   3   3   1   1   1   1   4   4             
  2   2   2   2   2   2   2   1   1   1   1   4   4   4   4             
  2   2   2   2   2   2   2   1   1   1   1   4   4   4   4             
  2   2   2   1   1   1   1   1   1   4   4   4   4                     
  2   2   2   1   1   1   1   1   1   4   4   4   4                     
  1   1   1   1   1   4   4   4   4   4   4                             
  1   1   1   1   1   4   4   4   4   4   4                             
  4   4   4   4   4   4   4                                             
  4   4   4   4   4   4   4                                             
                                                                        
----
Layer z = 2
  3   2   2   2   2   2   2   3   3   2   2   2   2   1   1   4   4     
  2   2   2   2   2   2   2   2   2   2   2   2   2   1   1   4   4     
  2   2   2   2   2   2   2   2   2   2   2   2   2   1   1   4   4     
  2   2   2   2   2   2   2   2   2   2   2   1   1   1   1   4   4     
  2   2   2   2   2   2   2   2   2   2   2   1   1   1   1   4   4     
  2   2   2   2   2   2   2   2   2   2   2   1   1   4   4   4   4     
  2   2   2   2   2   2   2   2   2   2   2   1   1   4   4   4   4     
  3   2   2   2   2   2   2   3   3   1   1   1   1   4   4             
  3   2   2   2   2   2   2   3   3   1   1   1   1   4   4             
  2   2   2   2   2   2   2   1   1   1   1   4   4   4   4             
  2   2   2   2   2   2   2   1   1   1   1   4   4   4   4             
  2   2   2   1   1   1   1   1   1   4   4   4   4                     
  2   2   2   1   1   1   1   1   1   4   4   4   4                     
  1   1   1   1   1   4   4   4   4   4   4                             
  1   1   1   1   1   4   4   4   4   4   4                             
  4   4   4   4   4   4   4                                             
  4   4   4   4   4   4   4                                             
                                                                        
----
Layer z = 3
  3   2   2   2   2   2   2   3   3   2   2   2   2   1   1   4   4     
  2   2   2   2   2   2   2   2   2   2   2   2   2   1   1   4   4     
  2   2   2   2   2   2   2   2   2   2   2   2   2   1   1   4   4     
  2   2   2   2   2   2   2   2   2   2   2   1   1   1   1   4   4     
  2   2   2   2   2   2   2   2   2   2   2   1   1   1   1   4   4     
  2   2   2   2   2   2   2   2   2   2   2   1   1   4   4   4   4     
  2   2   2   2   2   2   2   2   2   2   2   1   1   4   4   4   4     
  3   2   2   2   2   2   2   3   3   1   1   1   1   4   4             
  3   2   2   2   2   2   2   3   3   1   1   1   1   4   4             
  2   2   2   2   2   2   2   1   1   1   1   4   4   4   4             
  2   2   2   2   2   2   2   1   1   1   1   4   4   4   4             
  2   2   2   1   1   1   1   1   1   4   4   4   4                     
  2   2   2   1   1   1   1   1   1   4   4   4   4                     
  1   1   1   1   1   4   4   4   4   4   4                             
  1   1   1   1   1   4   4   4   4   4   4                             
  4   4   4   4   4   4   4                                             
  4   4   4   4   4   4   4                                             
                                                                        
----
Layer z = 4
  3   2   2   2   2   2   2   3   3   2   2   2   2   1   1   4   4     
  2   2   2   2   2   2   2   2   2   2   2   2   2   1   1   4   4     
  2   2   2   2   2   2   2   2   2   2   2   2   2   1   1   4   4     
  2   2   2   2   2   2   2   2   2   2   2   1   1   1   1   4   4     
  2   2   2   2   2   2   2   2   2   2   2   1   1   1   1   4   4     
  2   2   2   2   2   2   2   2   2   2   2   1   1   4   4   4   4     
  2   2   2   2   2   2   2   2   2   2   2   1   1   4   4   4   4     
  3   2   2   2   2   2   2   3   3   1   1   1   1   4   4             
  3   2   2   2   2   2   2   3   3   1   1   1   1   4   4             
  2   2   2   2   2   2   2   1   1   1   1   4   4   4   4             
  2   2   2   2   2   2   2   1   1   1   1   4   4   4   4             
  2   2   2   1   1   1   1   1   1   4   4   4   4                     
  2   2   2   1   1   1   1   1   1   4   4   4   4                     
  1   1   1   1   1   4   4   4   4   4   4                             
  1   1   1   1   1   4   4   4   4   4   4                             
  4   4   4   4   4   4   4                                             
  4   4   4   4   4   4   4                                             
                                                                        
----
Layer z = 5
  3   2   2   2   2   2   2   3   3   2   2   2   2   1   1   4   4     
  2   2   2   2   2   2   2   2   2   2   2   2   2   1   1   4   4     
  2   2   2   2   2   2   2   2   2   2   2   2   2   1   1   4   4     
  2   2   2   2   2   2   2   2   2   2   2   1   1   1   1   4   4     
  2   2   2   2   2   2   2   2   2   2   2   1   1   1   1   4   4     
  2   2   2   2   2   2   2   2   2   2   2   1   1   4   4   4   4     
  2   2   2   2   2   2   2   2   2   2   2   1   1   4   4   4   4     
  3   2   2   2   2   2   2   3   3   1   1   1   1   4   4             
  3   2   2   2   2   2   2   3   3   1   1   1   1   4   4             
  2   2   2   2   2   2   2   1   1   1   1   4   4   4   4             
  2   2   2   2   2   2   2   1   1   1   1   4   4   4   4             
  2   2   2   1   1   1   1   1   1   4   4   4   4                     
  2   2   2   1   1   1   1   1   1   4   4   4   4                     
  1   1   1   1   1   4   4   4   4   4   4                             
  1   1   1   1   1   4   4   4   4   4   4                             
  4   4   4   4   4   4   4                                             
  4   4   4   4   4   4   4                                             
                                                                        
----
Layer z = 6
  3   2   2   2   2   2   2   3   3   2   2   2   2   1   1   4   4     
  2   2   2   2   2   2   2   2   2   2   2   2   2   1   1   4   4     
  2   2   2   2   2   2   2   2   2   2   2   2   2   1   1   4   4     
  2   2   2   2   2   2   2   2   2   2   2   1   1   1   1   4   4     
  2   2   2   2   2   2   2   2   2   2   2   1   1   1   1   4   4     
  2   2   2   2   2   2   2   2   2   2   2   1   1   4   4   4   4     
  2   2   2   2   2   2   2   2   2   2   2   1   1   4   4   4   4     
  3   2   2   2   2   2   2   3   3   1   1   1   1   4   4             
  3   2   2   2   2   2   2   3   3   1   1   1   1   4   4             
  2   2   2   2   2   2   2   1   1   1   1   4   4   4   4             
  2   2   2   2   2   2   2   1   1   1   1   4   4   4   4             
  2   2   2   1   1   1   1   1   1   4   4   4   4                     
  2   2   2   1   1   1   1   1   1   4   4   4   4                     
  1   1   1   1   1   4   4   4   4   4   4                             
  1   1   1   1   1   4   4   4   4   4   4                             
  4   4   4   4   4   4   4                                             
  4   4   4   4   4   4   4                                             
                                                                        
----
Layer z = 7
  3   2   2   2   2   2   2   3   3   2   2   2   2   1   1   4   4     
  2   2   2   2   2   2   2   2   2   2   2   2   2   1   1   4   4     
  2   2   2   2   2   2   2   2   2   2   2   2   2   1   1   4   4     
  2   2   2   2   2   2   2   2   2   2   2   1   1   1   1   4   4     
  2   2   2   2   2   2   2   2   2   2   2   1   1   1   1   4   4     
  2   2   2   2   2   2   2   2   2   2   2   1   1   4   4   4   4     
  2   2   2   2   2   2   2   2   2   2   2   1   1   4   4   4   4     
  3   2   2   2   2   2   2   3   3   1   1   1   1   4   4             
  3   2   2   2   2   2   2   3   3   1   1   1   1   4   4             
  2   2   2   2   2   2   2   1   1   1   1   4   4   4   4             
  2   2   2   2   2   2   2   1   1   1   1   4   4   4   4             
  2   2   2   1   1   1   1   1   1   4   4   4   4                     
  2   2   2   1   1   1   1   1   1   4   4   4   4                     
  1   1   1   1   1   4   4   4   4   4   4                             
  1   1   1   1   1   4   4   4   4   4   4                             
  4   4   4   4   4   4   4                                             
  4   4   4   4   4   4   4                                             
                                                                        
----
Layer z = 8
  3   2   2   2   2   2   2   3   3   2   2   2   2   1   1   4   4     
  2   2   2   2   2   2   2   2   2   2   2   2   2   1   1   4   4     
  2   2   2   2   2   2   2   2   2   2   2   2   2   1   1   4   4     
  2   2   2   2   2   2   2   2   2   2   2   1   1   1   1   4   4     
  2   2   2   2   2   2   2   2   2   2   2   1   1   1   1   4   4     
  2   2   2   2   2   2   2   2   2   2   2   1   1   4   4   4   4     
  2   2   2   2   2   2   2   2   2   2   2   1   1   4   4   4   4     
  3   2   2   2   2   2   2   3   3   1   1   1   1   4   4             
  3   2   2   2   2   2   2   3   3   1   1   1   1   4   4             
  2   2   2   2   2   2   2   1   1   1   1   4   4   4   4             
  2   2   2   2   2   2   2   1   1   1   1   4   4   4   4             
  2   2   2   1   1   1   1   1   1   4   4   4   4                     
  2   2   2   1   1   1   1   1   1   4   4   4   4                     
  1   1   1   1   1   4   4   4   4   4   4                             
  1   1   1   1   1   4   4   4   4   4   4                             
  4   4   4   4   4   4   4                                             
  4   4   4   4   4   4   4                                             
                                                                        
----
Layer z = 9
  3   2   2   2   2   2   2   3   3   2   2   2   2   1   1   4   4     
  2   2   2   2   2   2   2   2   2   2   2   2   2   1   1   4   4     
  2   2   2   2   2   2   2   2   2   2   2   2   2   1   1   4   4     
  2   2   2   2   2   2   2   2   2   2   2   1   1   1   1   4   4     
  2   2   2   2   2   2   2   2   2   2   2   1   1   1   1   4   4     
  2   2   2   2   2   2   2   2   2   2   2   1   1   4   4   4   4     
  2   2   2   2   2   2   2   2   2   2   2   1   1   4   4   4   4     
  3   2   2   2   2   2   2   3   3   1   1   1   1   4   4             
  3   2   2   2   2   2   2   3   3   1   1   1   1   4   4             
  2   2   2   2   2   2   2   1   1   1   1   4   4   4   4             
  2   2   2   2   2   2   2   1   1   1   1   4   4   4   4             
  2   2   2   1   1   1   1   1   1   4   4   4   4                     
  2   2   2   1   1   1   1   1   1   4   4   4   4                     
  1   1   1   1   1   4   4   4   4   4   4                             
  1   1   1   1   1   4   4   4   4   4   4                             
  4   4   4   4   4   4   4                                             
  4   4   4   4   4   4   4                                             
                                                                        
----
Layer z = 10
  3   2   2   2   2   2   2   3   3   2   2   2   2   1   1   4   4     
  2   2   2   2   2   2   2   2   2   2   2   2   2   1   1   4   4     
  2   2   2   2   2   2   2   2   2   2   2   2   2   1   1   4   4     
  2   2   2   2   2   2   2   2   2   2   2   1   1   1   1   4   4     
  2   2   2   2   2   2   2   2   2   2   2   1   1   1   1   4   4     
  2   2   2   2   2   2   2   2   2   2   2   1   1   4   4   4   4     
  2   2   2   2   2   2   2   2   2   2   2   1   1   4   4   4   4     
  3   2   2   2   2   2   2   3   3   1   1   1   1   4   4             
  3   2   2   2   2   2   2   3   3   1   1   1   1   4   4             
  2   2   2   2   2   2   2   1   1   1   1   4   4   4   4             
  2   2   2   2   2   2   2   1   1   1   1   4   4   4   4             
  2   2   2   1   1   1   1   1   1   4   4   4   4                     
  2   2   2   1   1   1   1   1   1   4   4   4   4                     
  1   1   1   1   1   4   4   4   4   4   4                             
  1   1   1   1   1   4   4   4   4   4   4                             
  4   4   4   4   4   4   4                                             
  4   4   4   4   4   4   4                                             
                                                                        
----
Layer z = 11
  3   2   2   2   2   2   2   3   3   2   2   2   2   1   1   4   4     
  2   2   2   2   2   2   2   2   2   2   2   2   2   1   1   4   4     
  2   2   2   2   2   2   2   2   2   2   2   2   2   1   1   4   4     
  2   2   2   2   2   2   2   2   2   2   2   1   1   1   1   4   4     
  2   2   2   2   2   2   2   2   2   2   2   1   1   1   1   4   4     
  2   2   2   2   2   2   2   2   2   2   2   1   1   4   4   4   4     
  2   2   2   2   2   2   2   2   2   2   2   1   1   4   4   4   4     
  3   2   2   2   2   2   2   3   3   1   1   1   1   4   4             
  3   2   2   2   2   2   2   3   3   1   1   1   1   4   4             
  2   2   2   2   2   2   2   1   1   1   1   4   4   4   4             
  2   2   2   2   2   2   2   1   1   1   1   4   4   4   4             
  2   2   2   1   1   1   1   1   1   4   4   4   4                     
  2   2   2   1   1   1   1   1   1   4   4   4   4                     
  1   1   1   1   1   4   4   4   4   4   4                             
  1   1   1   1   1   4   4   4   4   4   4                             
  4   4   4   4   4   4   4                                             
  4   4   4   4   4   4   4                                             
                                                                        
----
Layer z = 12
  3   2   2   2   2   2   2   3   3   2   2   2   2   1   1   4   4     
  2   2   2   2   2   2   2   2   2   2   2   2   2   1   1   4   4     
  2   2   2   2   2   2   2   2   2   2   2   2   2   1   1   4   4     
  2   2   2   2   2   2   2   2   2   2   2   1   1   1   1   4   4     
  2   2   2   2   2   2   2   2   2   2   2   1   1   1   1   4   4     
  2   2   2   2   2   2   2   2   2   2   2   1   1   4   4   4   4     
  2   2   2   2   2   2   2   2   2   2   2   1   1   4   4   4   4     
  3   2   2   2   2   2   2   3   3   1   1   1   1   4   4             
  3   2   2   2   2   2   2   3   3   1   1   1   1   4   4             
  2   2   2   2   2   2   2   1   1   1   1   4   4   4   4             
  2   2   2   2   2   2   2   1   1   1   1   4   4   4   4             
  2   2   2   1   1   1   1   1   1   4   4   4   4                     
  2   2   2   1   1   1   1   1   1   4   4   4   4                     
  1   1   1   1   1   4   4   4   4   4   4                             
  1   1   1   1   1   4   4   4   4   4   4                             
  4   4   4   4   4   4   4                                             
  4   4   4   4   4   4   4                                             
                                                                        
----
Layer z = 13
  3   2   2   2   2   2   2   3   3   2   2   2   2   1   1   4   4     
  2   2   2   2   2   2   2   2   2   2   2   2   2   1   1   4   4     
  2   2   2   2   2   2   2   2   2   2   2   2   2   1   1   4   4     
  2   2   2   2   2   2   2   2   2   2   2   1   1   1   1   4   4     
  2   2   2   2   2   2   2   2   2   2   2   1   1   1   1   4   4     
  2   2   2   2   2   2   2   2   2   2   2   1   1   4   4   4   4     
  2   2   2   2   2   2   2   2   2   2   2   1   1   4   4   4   4     
  3   2   2   2   2   2   2   3   3   1   1   1   1   4   4             
  3   2   2   2   2   2   2   3   3   1   1   1   1   4   4             
  2   2   2   2   2   2   2   1   1   1   1   4   4   4   4             
  2   2   2   2   2   2   2   1   1   1   1   4   4   4   4             
  2   2   2   1   1   1   1   1   1   4   4   4   4                     
  2   2   2   1   1   1   1   1   1   4   4   4   4                     
  1   1   1   1   1   4   4   4   4   4   4                             
  1   1   1   1   1   4   4   4   4   4   4                             
  4   4   4   4   4   4   4                                             
  4   4   4   4   4   4   4                                             
                                                                        
----
Layer z = 14
  3   2   2   2   2   2   2   3   3   2   2   2   2   1   1   4   4     
  2   2   2   2   2   2   2   2   2   2   2   2   2   1   1   4   4     
  2   2   2   2   2   2   2   2   2   2   2   2   2   1   1   4   4     
  2   2   2   3   3   2   2   2   2   2   2   1   1   1   1   4   4     
  2   2   2   3   3   2   2   2   2   2   2   1   1   1   1   4   4     
  2   2   2   2   2   2   2   2   2   2   2   1   1   4   4   4   4     
  2   2   2   2   2   2   2   2   2   2   2   1   1   4   4   4   4     
  3   2   2   2   2   2   2   3   3   1   1   1   1   4   4             
  3   2   2   2   2   2   2   3   3   1   1   1   1   4   4             
  2   2   2   2   2   2   2   1   1   1   1   4   4   4   4             
  2   2   2   2   2   2   2   1   1   1   1   4   4   4   4             
  2   2   2   1   1   1   1   1   1   4   4   4   4                     
  2   2   2   1   1   1   1   1   1   4   4   4   4                     
  1   1   1   1   1   4   4   4   4   4   4                             
  1   1   1   1   1   4   4   4   4   4   4                             
  4   4   4   4   4   4   4                                             
  4   4   4   4   4   4   4                                             
                                                                        
----
Layer z = 15
  3   2   2   2   2   2   2   3   3   2   2   2   2   1   1   4   4     
  2   2   2   2   2   2   2   2   2   2   2   2   2   1   1   4   4     
  2   2   2   2   2   2   2   2   2   2   2   2   2   1   1   4   4     
  2   2   2   3   3   2   2   2   2   2   2   1   1   1   1   4   4     
  2   2   2   3   3   2   2   2   2   2   2   1   1   1   1   4   4     
  2   2   2   2   2   2   2   2   2   2   2   1   1   4   4   4   4     
  2   2   2   2   2   2   2   2   2   2   2   1   1   4   4   4   4     
  3   2   2   2   2   2   2   3   3   1   1   1   1   4   4             
  3   2   2   2   2   2   2   3   3   1   1   1   1   4   4             
  2   2   2   2   2   2   2   1   1   1   1   4   4   4   4             
  2   2   2   2   2   2   2   1   1   1   1   4   4   4   4             
  2   2   2   1   1   1   1   1   1   4   4   4   4                     
  2   2   2   1   1   1   1   1   1   4   4   4   4                     
  1   1   1   1   1   4   4   4   4   4   4                             
  1   1   1   1   1   4   4   4   4   4   4                             
  4   4   4   4   4   4   4                                             
  4   4   4   4   4   4   4                                             
                                                                        
----
Layer z = 16
  3   2   2   2   2   2   2   3   3   2   2   2   2   1   1   4   4     
  2   2   2   2   2   2   2   2   2   2   2   2   2   1   1   4   4     
  2   2   2   2   2   2   2   2   2   2   2   2   2   1   1   4   4     
  2   2   2   3   3   2   2   2   2   2   2   1   1   1   1   4   4     
  2   2   2   3   3   2   2   2   2   2   2   1   1   1   1   4   4     
  2   2   2   2   2   2   2   2   2   2   2   1   1   4   4   4   4     
  2   2   2   2   2   2   2   2   2   2   2   1   1   4   4   4   4     
  3   2   2   2   2   2   2   3   3   1   1   1   1   4   4             
  3   2   2   2   2   2   2   3   3   1   1   1   1   4   4             
  2   2   2   2   2   2   2   1   1   1   1   4   4   4   4             
  2   2   2   2   2   2   2   1   1   1   1   4   4   4   4             
  2   2   2   1   1   1   1   1   1   4   4   4   4                     
  2   2   2   1   1   1   1   1   1   4   4   4   4                     
  1   1   1   1   1   4   4   4   4   4   4                             
  1   1   1   1   1   4   4   4   4   4   4                             
  4   4   4   4   4   4   4                                             
  4   4   4   4   4   4   4                                             
                                                                        
----
Layer z = 17
  3   2   2   2   2   2   2   3   3   2   2   2   2   1   1   4   4     
  2   2   2   2   2   2   2   2   2   2   2   2   2   1   1   4   4     
  2   2   2   2   2   2   2   2   2   2   2   2   2   1   1   4   4     
  2   2   2   3   3   2   2   2   2   2   2   1   1   1   1   4   4     
  2   2   2   3   3   2   2   2   2   2   2   1   1   1   1   4   4     
  2   2   2   2   2   2   2   2   2   2   2   1   1   4   4   4   4     
  2   2   2   2   2   2   2   2   2   2   2   1   1   4   4   4   4     
  3   2   2   2   2   2   2   3   3   1   1   1   1   4   4             
  3   2   2   2   2   2   2   3   3   1   1   1   1   4   4             
  2   2   2   2   2   2   2   1   1   1   1   4   4   4   4             
  2   2   2   2   2   2   2   1   1   1   1   4   4   4   4             
  2   2   2   1   1   1   1   1   1   4   4   4   4                     
  2   2   2   1   1   1   1   1   1   4   4   4   4                     
  1   1   1   1   1   4   4   4   4   4   4                             
  1   1   1   1   1   4   4   4   4   4   4                             
  4   4   4   4   4   4   4                                             
  4   4   4   4   4   4   4                                             
                                                                        
----
Layer z = 18
  5   4   4   4   4   4   4   5   5   4   4   4   4   4   4   4   4     
  4   4   4   4   4   4   4   4   4   4   4   4   4   4   4   4   4     
  4   4   4   4   4   4   4   4   4   4   4   4   4   4   4   4   4     
  4   4   4   5   5   4   4   4   4   4   4   4   4   4   4   4   4     
  4   4   4   5   5   4   4   4   4   4   4   4   4   4   4   4   4     
  4   4   4   4   4   4   4   4   4   4   4   4   4   4   4   4   4     
  4   4   4   4   4   4   4   4   4   4   4   4   4   4   4   4   4     
  5   4   4   4   4   4   4   5   5   4   4   4   4   4   4             
  5   4   4   4   4   4   4   5   5   4   4   4   4   4   4             
  4   4   4   4   4   4   4   4   4   4   4   4   4   4   4             
  4   4   4   4   4   4   4   4   4   4   4   4   4   4   4             
  4   4   4   4   4   4   4   4   4   4   4   4   4                     
  4   4   4   4   4   4   4   4   4   4   4   4   4                     
  4   4   4   4   4   4   4   4   4   4   4                             
  4   4   4   4   4   4   4   4   4   4   4                             
  4   4   4   4   4   4   4                                             
  4   4   4   4   4   4   4                                             
                                                                        
----
