DL
0.00000e+00 2.50000e-01 2.50000e-01
0.00000e+00 2.50000e-01 2.50000e-01
0.00000e+00 0.00000e+00 0.00000e+00
0.00000e+00 0.00000e+00 0.00000e+00
0.00000e+00 0.00000e+00 0.00000e+00
0.00000e+00 0.00000e+00 0.00000e+00

C
6.25000e-02 0.00000e+00 3.93750e+00 -5.27680e+01 -7.66309e+01
6.25000e-02 0.00000e+00 3.93750e+00 -2.88331e+01 -4.14433e+01
6.25000e-02 0.00000e+00 3.93750e+00 0.00000e+00 0.00000e+00
6.25000e-02 0.00000e+00 3.93750e+00 0.00000e+00 0.00000e+00
6.25000e-02 0.00000e+00 3.93750e+00 0.00000e+00 0.00000e+00
6.25000e-02 0.00000e+00 3.93750e+00 0.00000e+00 0.00000e+00

DL
1.06831e-01 2.67078e-02 -2.67078e-02
8.06019e-03 2.01505e-03 -2.01505e-03
1.06831e-01 0.00000e+00 0.00000e+00
8.06019e-03 0.00000e+00 0.00000e+00
1.06831e-01 0.00000e+00 0.00000e+00
8.06019e-03 0.00000e+00 0.00000e+00

C
6.25000e-02 1.06831e+00 2.86919e+00 -6.89216e-01 1.23553e+00
6.25000e-02 8.06019e-02 3.85690e+00 -2.98132e+00 4.19573e+00
6.25000e-02 0.00000e+00 3.93750e+00 0.00000e+00 0.00000e+00
6.25000e-02 0.00000e+00 3.93750e+00 0.00000e+00 0.00000e+00
6.25000e-02 0.00000e+00 3.93750e+00 0.00000e+00 0.00000e+00
6.25000e-02 0.00000e+00 3.93750e+00 0.00000e+00 0.00000e+00

DL
8.64266e-01 -1.89359e-01 -1.89359e-01
2.08676e-01 -5.01540e-02 -5.01540e-02
8.64266e-01 0.00000e+00 0.00000e+00
2.08676e-01 0.00000e+00 0.00000e+00
8.64266e-01 0.00000e+00 0.00000e+00
2.08676e-01 0.00000e+00 0.00000e+00

C
6.45858e-02 1.11453e+01 1.08075e+01 1.25364e+02 3.49639e+02
5.34477e-02 1.89022e+00 5.51437e+00 1.20139e+03 2.09748e+03
6.45858e-02 0.00000e+00 2.60001e+00 0.00000e+00 0.00000e+00
5.34477e-02 0.00000e+00 1.83940e+00 0.00000e+00 0.00000e+00
6.45858e-02 0.00000e+00 2.60001e+00 0.00000e+00 0.00000e+00
5.34477e-02 0.00000e+00 1.83940e+00 0.00000e+00 0.00000e+00

DL
6.71978e-01 -4.80720e-02 4.80720e-02
1.42112e+00 3.03110e-01 -3.03110e-01
6.71978e-01 0.00000e+00 0.00000e+00
1.42112e+00 0.00000e+00 0.00000e+00
6.71978e-01 0.00000e+00 0.00000e+00
1.42112e+00 0.00000e+00 0.00000e+00

C
7.22072e-02 7.51239e+00 -2.85250e+00 -3.82027e+01 3.27343e+01
5.62448e-02 1.47391e+01 -1.15109e+01 2.33535e+02 -3.25854e+02
7.22072e-02 0.00000e+00 3.32915e+00 0.00000e+00 0.00000e+00
5.62448e-02 0.00000e+00 2.07281e+00 0.00000e+00 0.00000e+00
7.22072e-02 0.00000e+00 3.32915e+00 0.00000e+00 0.00000e+00
5.62448e-02 0.00000e+00 2.07281e+00 0.00000e+00 0.00000e+00

DL
-3.34635e+00 1.00458e+00 1.00458e+00
-1.00372e+01 2.86457e+00 2.86457e+00
-3.34635e+00 0.00000e+00 0.00000e+00
-1.00372e+01 0.00000e+00 0.00000e+00
-3.34635e+00 0.00000e+00 0.00000e+00
-1.00372e+01 0.00000e+00 0.00000e+00

C
8.71802e-04 -1.29224e+01 -3.66555e+01 6.32056e+03 4.90860e+03
1.60816e-03 -6.54792e+01 -1.20097e+02 7.18070e+04 3.56918e+04
8.71802e-04 0.00000e+00 5.63424e+00 0.00000e+00 0.00000e+00
1.60816e-03 0.00000e+00 1.16805e+01 0.00000e+00 0.00000e+00
8.71802e-04 0.00000e+00 5.63424e+00 0.00000e+00 0.00000e+00
1.60816e-03 0.00000e+00 1.16805e+01 0.00000e+00 0.00000e+00

DL
-3.43182e+01 -7.74296e+00 7.74296e+00
-1.51305e+02 -3.53169e+01 3.53169e+01
-3.43182e+01 0.00000e+00 0.00000e+00
-1.51305e+02 0.00000e+00 0.00000e+00
-3.43182e+01 0.00000e+00 0.00000e+00
-1.51305e+02 0.00000e+00 0.00000e+00

C
6.03366e-04 -3.25298e+02 3.42647e+02 -4.90348e+04 3.79827e+04
6.56756e-05 -1.52430e+03 1.53946e+03 -5.84357e+05 2.99196e+05
6.03366e-04 0.00000e+00 2.50611e+00 0.00000e+00 0.00000e+00
6.56756e-05 0.00000e+00 -8.67233e-01 0.00000e+00 0.00000e+00
6.03366e-04 0.00000e+00 2.50611e+00 0.00000e+00 0.00000e+00
6.56756e-05 0.00000e+00 -8.67233e-01 0.00000e+00 0.00000e+00

DL
-3.38604e+02 7.60715e+01 7.60715e+01
-1.53517e+03 3.45968e+02 3.45968e+02
-3.38604e+02 0.00000e+00 0.00000e+00
-1.53517e+03 0.00000e+00 0.00000e+00
-3.38604e+02 0.00000e+00 0.00000e+00
-1.53517e+03 0.00000e+00 0.00000e+00

C
2.78676e-09 1.02097e+03 2.37528e+03 4.22620e+05 3.55000e+05
1.04800e-08 5.47260e+03 1.15625e+04 5.12305e+06 2.82420e+06
2.78676e-09 0.00000e+00 5.41486e+01 0.00000e+00 0.00000e+00
1.04800e-08 0.00000e+00 1.86797e+02 0.00000e+00 0.00000e+00
2.78676e-09 0.00000e+00 5.41486e+01 0.00000e+00 0.00000e+00
1.04800e-08 0.00000e+00 1.86797e+02 0.00000e+00 0.00000e+00

DL
-2.71487e+03 -5.94067e+02 5.94067e+02
-1.27647e+04 -2.80738e+03 2.80738e+03
-2.71487e+03 0.00000e+00 0.00000e+00
-1.27647e+04 0.00000e+00 0.00000e+00
-2.71487e+03 0.00000e+00 0.00000e+00
-1.27647e+04 0.00000e+00 0.00000e+00

C
1.95992e-08 -8.92776e+03 1.90961e+04 -3.30037e+06 2.77231e+06
8.39127e-08 -4.92456e+04 9.69842e+04 -4.02276e+07 2.22399e+07
1.95992e-08 0.00000e+00 4.14041e+02 0.00000e+00 0.00000e+00
8.39127e-08 0.00000e+00 1.55752e+03 0.00000e+00 0.00000e+00
1.95992e-08 0.00000e+00 4.14041e+02 0.00000e+00 0.00000e+00
8.39127e-08 0.00000e+00 1.55752e+03 0.00000e+00 0.00000e+00

DL
-2.18640e+04 4.78729e+03 4.78729e+03
-1.03070e+05 2.25763e+04 2.25763e+04
-2.18640e+04 0.00000e+00 0.00000e+00
-1.03070e+05 0.00000e+00 0.00000e+00
-2.18640e+04 0.00000e+00 0.00000e+00
-1.03070e+05 0.00000e+00 0.00000e+00

C
2.18148e-19 6.12595e+04 1.43581e+05 2.65960e+07 2.23407e+07
9.49581e-19 3.39151e+05 7.40675e+05 3.24076e+08 1.79138e+08
2.18148e-19 0.00000e+00 3.86906e+03 0.00000e+00 0.00000e+00
9.49581e-19 0.00000e+00 1.47741e+04 0.00000e+00 0.00000e+00
2.18148e-19 0.00000e+00 3.86906e+03 0.00000e+00 0.00000e+00
9.49581e-19 0.00000e+00 1.47741e+04 0.00000e+00 0.00000e+00

DL
-1.74892e+05 -3.82569e+04 3.82569e+04
-8.25902e+05 -1.80708e+05 1.80708e+05
-1.74892e+05 0.00000e+00 0.00000e+00
-8.25902e+05 0.00000e+00 0.00000e+00
-1.74892e+05 0.00000e+00 0.00000e+00
-8.25902e+05 0.00000e+00 0.00000e+00

C
1.70528e-18 -5.20298e+05 1.16242e+06 -2.12539e+08 1.78532e+08
7.49439e-18 -2.83849e+06 5.97971e+06 -2.59042e+09 1.43207e+09
1.70528e-18 0.00000e+00 3.02530e+04 0.00000e+00 0.00000e+00
7.49439e-18 0.00000e+00 1.16547e+05 0.00000e+00 0.00000e+00
1.70528e-18 0.00000e+00 3.02530e+04 0.00000e+00 0.00000e+00
7.49439e-18 0.00000e+00 1.16547e+05 0.00000e+00 0.00000e+00

DL
-1.40032e+06 3.06358e+05 3.06358e+05
-6.61252e+06 1.44666e+06 1.44666e+06
-1.40032e+06 0.00000e+00 0.00000e+00
-6.61252e+06 0.00000e+00 0.00000e+00
-1.40032e+06 0.00000e+00 0.00000e+00
-6.61252e+06 0.00000e+00 0.00000e+00

C
2.25199e-41 4.09971e+06 9.28027e+06 1.70199e+09 1.42967e+09
9.89441e-41 2.24171e+07 4.77533e+07 2.07429e+10 1.14671e+10
2.25199e-41 0.00000e+00 2.43814e+05 0.00000e+00 0.00000e+00
9.89441e-41 0.00000e+00 9.39390e+05 0.00000e+00 0.00000e+00
2.25199e-41 0.00000e+00 2.43814e+05 0.00000e+00 0.00000e+00
9.89441e-41 0.00000e+00 9.39390e+05 0.00000e+00 0.00000e+00

DL
-1.12082e+07 -2.45197e+06 2.45197e+06
-5.29304e+07 -1.15795e+07 1.15795e+07
-1.12082e+07 0.00000e+00 0.00000e+00
-5.29304e+07 0.00000e+00 0.00000e+00
-1.12082e+07 0.00000e+00 0.00000e+00
-5.29304e+07 0.00000e+00 0.00000e+00

C
1.79920e-40 -3.29476e+07 7.43341e+07 -1.36221e+10 1.14425e+10
7.90897e-40 -1.80041e+08 3.82462e+08 -1.66021e+11 9.17800e+10
1.79920e-40 0.00000e+00 1.94851e+06 0.00000e+00 0.00000e+00
7.90897e-40 0.00000e+00 7.50992e+06 0.00000e+00 0.00000e+00
1.79920e-40 0.00000e+00 1.94851e+06 0.00000e+00 0.00000e+00
7.90897e-40 0.00000e+00 7.50992e+06 0.00000e+00 0.00000e+00

DL
-8.97177e+07 1.96274e+07 1.96274e+07
-4.23683e+08 9.26881e+07 9.26881e+07
-8.97177e+07 0.00000e+00 0.00000e+00
-4.23683e+08 0.00000e+00 0.00000e+00
-8.97177e+07 0.00000e+00 0.00000e+00
-4.23683e+08 0.00000e+00 0.00000e+00

C
3.87940e-87 2.63456e+08 5.94903e+08 1.09041e+11 9.15944e+10
1.70519e-86 1.43985e+09 3.06096e+09 1.32894e+12 7.34669e+11
3.87940e-87 0.00000e+00 1.56035e+07 0.00000e+00 0.00000e+00
1.70519e-86 0.00000e+00 6.01360e+07 0.00000e+00 0.00000e+00
3.87940e-87 0.00000e+00 1.56035e+07 0.00000e+00 0.00000e+00
1.70519e-86 0.00000e+00 6.01360e+07 0.00000e+00 0.00000e+00

DL
-7.18142e+08 -1.57106e+08 1.57106e+08
-3.39136e+09 -7.41920e+08 7.41920e+08
-7.18142e+08 0.00000e+00 0.00000e+00
-3.39136e+09 0.00000e+00 0.00000e+00
-7.18142e+08 0.00000e+00 0.00000e+00
-3.39136e+09 0.00000e+00 0.00000e+00

C
3.10486e-86 -2.10940e+09 4.76211e+09 -8.72811e+11 7.33162e+11
1.36478e-85 -1.15279e+10 2.45024e+10 -1.06375e+13 5.88062e+12
3.10486e-86 0.00000e+00 1.24885e+08 0.00000e+00 0.00000e+00
1.36478e-85 0.00000e+00 4.81315e+08 0.00000e+00 0.00000e+00
3.10486e-86 0.00000e+00 1.24885e+08 0.00000e+00 0.00000e+00
1.36478e-85 0.00000e+00 4.81315e+08 0.00000e+00 0.00000e+00

DL
-5.74837e+09 1.25756e+09 1.25756e+09
-2.71462e+10 5.93870e+09 5.93870e+09
-5.74837e+09 0.00000e+00 0.00000e+00
-2.71462e+10 0.00000e+00 0.00000e+00
-5.74837e+09 0.00000e+00 0.00000e+00
-2.71462e+10 0.00000e+00 0.00000e+00

C
1.80208e-180 1.68835e+10 3.81178e+10 6.98643e+12 5.86860e+12
7.92123e-180 9.22697e+10 1.96127e+11 8.51476e+13 4.70715e+13
1.80208e-180 0.00000e+00 9.99669e+08 0.00000e+00 0.00000e+00
7.92123e-180 0.00000e+00 3.85277e+09 0.00000e+00 0.00000e+00
1.80208e-180 0.00000e+00 9.99669e+08 0.00000e+00 0.00000e+00
7.92123e-180 0.00000e+00 3.85277e+09 0.00000e+00 0.00000e+00

DL
-4.60128e+10 -1.00661e+10 1.00661e+10
-2.17291e+11 -4.75363e+10 4.75363e+10
-4.60128e+10 0.00000e+00 0.00000e+00
-2.17291e+11 0.00000e+00 0.00000e+00
-4.60128e+10 0.00000e+00 0.00000e+00
-2.17291e+11 0.00000e+00 0.00000e+00

C
1.44246e-179 -1.35146e+11 3.05115e+11 -5.59228e+13 4.69751e+13
6.34050e-179 -7.38583e+11 1.56990e+12 -6.81563e+14 3.76783e+14
1.44246e-179 0.00000e+00 8.00179e+09 0.00000e+00 0.00000e+00
6.34050e-179 0.00000e+00 3.08393e+10 0.00000e+00 0.00000e+00
1.44246e-179 0.00000e+00 8.00179e+09 0.00000e+00 0.00000e+00
6.34050e-179 0.00000e+00 3.08393e+10 0.00000e+00 0.00000e+00

DL
-3.68309e+11 8.05740e+10 8.05740e+10
-1.73931e+12 3.80504e+11 3.80504e+11
-3.68309e+11 0.00000e+00 0.00000e+00
-1.73931e+12 0.00000e+00 0.00000e+00
-3.68309e+11 0.00000e+00 0.00000e+00
-1.73931e+12 0.00000e+00 0.00000e+00

C
0.00000e+00 1.08177e+12 2.44229e+12 4.47634e+14 3.76012e+14
0.00000e+00 5.91196e+12 1.25663e+13 5.45557e+15 3.01596e+15
0.00000e+00 0.00000e+00 6.40504e+10 0.00000e+00 0.00000e+00
0.00000e+00 0.00000e+00 2.46853e+11 0.00000e+00 0.00000e+00
0.00000e+00 0.00000e+00 6.40504e+10 0.00000e+00 0.00000e+00
0.00000e+00 0.00000e+00 2.46853e+11 0.00000e+00 0.00000e+00

DL
-2.94813e+12 -6.44954e+11 6.44954e+11
-1.39223e+13 -3.04574e+12 3.04574e+12
-2.94813e+12 0.00000e+00 0.00000e+00
-1.39223e+13 0.00000e+00 0.00000e+00
-2.94813e+12 0.00000e+00 0.00000e+00
-1.39223e+13 0.00000e+00 0.00000e+00

C
0.00000e+00 -8.65904e+12 1.95493e+13 -3.58308e+15 3.00979e+15
0.00000e+00 -4.73223e+13 1.00587e+14 -4.36690e+16 2.41412e+16
0.00000e+00 0.00000e+00 5.12691e+11 0.00000e+00 0.00000e+00
0.00000e+00 0.00000e+00 1.97593e+12 0.00000e+00 0.00000e+00
0.00000e+00 0.00000e+00 5.12691e+11 0.00000e+00 0.00000e+00
0.00000e+00 0.00000e+00 1.97593e+12 0.00000e+00 0.00000e+00

