Z = 0
7.67173e-02 8.72055e-02 9.61168e-02 9.95118e-02 9.75744e-02 9.04855e-02 7.83858e-02 6.49056e-02 6.02403e-02 6.39337e-02 6.64293e-02 6.48337e-02 5.94419e-02 5.00685e-02 3.46949e-02 1.37898e-02 3.74954e-03 
8.71115e-02 9.27438e-02 9.83274e-02 1.00469e-01 9.84252e-02 9.22968e-02 8.29341e-02 7.34064e-02 6.85599e-02 6.83352e-02 6.81990e-02 6.54529e-02 5.94209e-02 4.96209e-02 3.41410e-02 1.35094e-02 3.65887e-03 
9.60205e-02 9.82786e-02 1.00772e-01 1.01419e-01 9.92293e-02 9.42227e-02 8.73637e-02 8.05511e-02 7.56148e-02 7.26929e-02 7.01972e-02 6.61558e-02 5.90780e-02 4.83492e-02 3.26956e-02 1.28032e-02 3.43201e-03 
9.94065e-02 1.00374e-01 1.01354e-01 1.01099e-01 9.88076e-02 9.44640e-02 8.88129e-02 8.30230e-02 7.80522e-02 7.40996e-02 7.05228e-02 6.57576e-02 5.74474e-02 4.54317e-02 2.97345e-02 1.13481e-02 2.97078e-03 
9.73710e-02 9.82268e-02 9.90535e-02 9.86925e-02 9.63947e-02 9.21435e-02 8.66301e-02 8.09284e-02 7.59089e-02 7.17480e-02 6.78304e-02 6.24208e-02 5.25251e-02 3.84001e-02 2.34586e-02 8.55525e-03 2.21375e-03 
9.01099e-02 9.19439e-02 9.38918e-02 9.41831e-02 9.19731e-02 8.72819e-02 8.09239e-02 7.44725e-02 6.94067e-02 6.57667e-02 6.21266e-02 5.63325e-02 4.43677e-02 2.35253e-02 1.13257e-02 4.56526e-03 1.34036e-03 
7.78565e-02 8.24364e-02 8.68591e-02 8.83271e-02 8.62467e-02 8.07210e-02 7.24472e-02 6.38785e-02 5.88556e-02 5.71001e-02 5.45529e-02 4.85111e-02 3.59724e-02 1.55791e-02 5.43273e-03 1.80337e-03 5.35229e-04 
6.43097e-02 7.27950e-02 7.98599e-02 8.23055e-02 8.03057e-02 7.40523e-02 6.36941e-02 5.20603e-02 4.70794e-02 4.79871e-02 4.64260e-02 4.00275e-02 2.82028e-02 1.13699e-02 3.23154e-03 0.0 0.0 
5.94177e-02 6.77104e-02 7.46788e-02 7.70867e-02 7.50353e-02 6.87325e-02 5.84172e-02 4.68323e-02 4.12981e-02 4.09723e-02 3.78602e-02 3.00919e-02 1.97373e-02 7.55667e-03 2.03597e-03 0.0 0.0 
6.27130e-02 6.71297e-02 7.14663e-02 7.28824e-02 7.06227e-02 6.48119e-02 5.63468e-02 4.74254e-02 4.06586e-02 3.59394e-02 2.90070e-02 1.62704e-02 8.49710e-03 3.63539e-03 1.11546e-03 0.0 0.0 
6.49091e-02 6.66921e-02 6.86994e-02 6.90580e-02 6.64425e-02 6.08801e-02 5.35188e-02 4.56639e-02 3.73874e-02 2.88239e-02 1.99221e-02 8.53735e-03 3.22116e-03 1.24323e-03 4.11114e-04 0.0 0.0 
6.30818e-02 6.37095e-02 6.44381e-02 6.40893e-02 6.08068e-02 5.48172e-02 4.72494e-02 3.91650e-02 2.95985e-02 1.61019e-02 8.48240e-03 3.78669e-03 1.28244e-03 0.0 0.0 0.0 0.0 
5.74442e-02 5.74574e-02 5.72043e-02 5.57246e-02 5.09419e-02 4.29447e-02 3.48321e-02 2.74519e-02 1.93041e-02 8.33645e-03 3.16617e-03 1.24314e-03 4.16885e-04 0.0 0.0 0.0 0.0 
4.79051e-02 4.75236e-02 4.64219e-02 4.37993e-02 3.70745e-02 2.26207e-02 1.48718e-02 1.07885e-02 7.14242e-03 3.43617e-03 1.20521e-03 0.0 0.0 0.0 0.0 0.0 0.0 
3.28313e-02 3.23433e-02 3.10668e-02 2.83972e-02 2.24285e-02 1.06879e-02 4.97305e-03 2.79275e-03 1.69222e-03 9.30839e-04 3.62783e-04 0.0 0.0 0.0 0.0 0.0 0.0 
1.25251e-02 1.22729e-02 1.16403e-02 1.03254e-02 7.75858e-03 4.06880e-03 1.57625e-03 0.0 0.0 0.0 0.0 0.0 0.0 0.0 0.0 0.0 0.0 
2.92291e-03 2.84643e-03 2.65793e-03 2.28221e-03 1.68459e-03 1.02196e-03 4.17039e-04 0.0 0.0 0.0 0.0 0.0 0.0 0.0 0.0 0.0 0.0 

Z = 1
3.89927e-01 4.69813e-01 5.29963e-01 5.50223e-01 5.39535e-01 4.99060e-01 4.22853e-01 3.30339e-01 3.05879e-01 3.44214e-01 3.66799e-01 3.59790e-01 3.32139e-01 2.82614e-01 1.92931e-01 6.41843e-02 1.45327e-02 
4.62965e-01 5.04279e-01 5.41430e-01 5.54917e-01 5.43674e-01 5.08421e-01 4.51386e-01 3.90443e-01 3.64206e-01 3.71534e-01 3.76312e-01 3.63364e-01 3.32228e-01 2.80054e-01 1.89665e-01 6.27976e-02 1.41616e-02 
5.22529e-01 5.37986e-01 5.54534e-01 5.59394e-01 5.47387e-01 5.18714e-01 4.78553e-01 4.38546e-01 4.11478e-01 3.98175e-01 3.87825e-01 3.68571e-01 3.31449e-01 2.73124e-01 1.81264e-01 5.92210e-02 1.32136e-02 
5.44199e-01 5.50765e-01 5.57648e-01 5.57159e-01 5.44613e-01 5.19957e-01 4.87594e-01 4.54694e-01 4.27410e-01 4.07057e-01 3.90647e-01 3.69514e-01 3.24407e-01 2.53401e-01 1.61419e-01 5.16111e-02 1.13286e-02 
5.33217e-01 5.39069e-01 5.45004e-01 5.43877e-01 5.31297e-01 5.07214e-01 4.75730e-01 4.43451e-01 4.15966e-01 3.94513e-01 3.76549e-01 3.52434e-01 2.97886e-01 2.09947e-01 1.23616e-01 3.80093e-02 8.35207e-03 
4.90927e-01 5.03585e-01 5.16720e-01 5.19443e-01 5.07333e-01 4.80599e-01 4.43661e-01 4.06233e-01 3.78722e-01 3.61449e-01 3.45681e-01 3.18026e-01 2.51281e-01 1.24875e-01 5.79601e-02 2.01748e-02 4.98924e-03 
4.14780e-01 4.48670e-01 4.78376e-01 4.87874e-01 4.76448e-01 4.44847e-01 3.94974e-01 3.41190e-01 3.14653e-01 3.13184e-01 3.05062e-01 2.74694e-01 2.03012e-01 7.69798e-02 2.42837e-02 7.48010e-03 1.97421e-03 
3.27514e-01 3.92523e-01 4.40537e-01 4.55306e-01 4.44308e-01 4.08809e-01 3.44424e-01 2.66404e-01 2.41343e-01 2.63123e-01 2.61938e-01 2.24907e-01 1.55831e-01 5.29026e-02 1.25767e-02 0.0 0.0 
3.01653e-01 3.64863e-01 4.12183e-01 4.26835e-01 4.15586e-01 3.79840e-01 3.16249e-01 2.39888e-01 2.11851e-01 2.25654e-01 2.14508e-01 1.65387e-01 1.05339e-01 3.41361e-02 7.75754e-03 0.0 0.0 
3.32684e-01 3.65111e-01 3.94333e-01 4.03896e-01 3.91665e-01 3.58538e-01 3.08806e-01 2.55943e-01 2.19381e-01 1.97060e-01 1.61653e-01 8.65654e-02 4.40564e-02 1.62754e-02 4.20623e-03 0.0 0.0 
3.53248e-01 3.65583e-01 3.79655e-01 3.84120e-01 3.70215e-01 3.38751e-01 2.96980e-01 2.53988e-01 2.07933e-01 1.55883e-01 1.07214e-01 4.18604e-02 1.49297e-02 5.28951e-03 1.53627e-03 0.0 0.0 
3.46404e-01 3.50862e-01 3.57396e-01 3.59699e-01 3.41760e-01 3.04602e-01 2.61238e-01 2.16477e-01 1.63928e-01 8.48780e-02 4.41021e-02 1.71139e-02 4.92997e-03 0.0 0.0 0.0 0.0 
3.17862e-01 3.18513e-01 3.19106e-01 3.14720e-01 2.88238e-01 2.34986e-01 1.88326e-01 1.47969e-01 1.03871e-01 4.07905e-02 1.47000e-02 5.26683e-03 1.53278e-03 0.0 0.0 0.0 0.0 
2.64691e-01 2.63074e-01 2.58263e-01 2.44872e-01 2.08955e-01 1.21380e-01 7.83651e-02 5.72112e-02 3.77737e-02 1.56422e-02 4.64787e-03 0.0 0.0 0.0 0.0 0.0 0.0 
1.77539e-01 1.75203e-01 1.68882e-01 1.54663e-01 1.23020e-01 5.37891e-02 2.39495e-02 1.41048e-02 8.71527e-03 4.10030e-03 1.34711e-03 0.0 0.0 0.0 0.0 0.0 0.0 
6.66455e-02 6.53986e-02 6.21969e-02 5.55091e-02 4.17449e-02 1.87860e-02 6.23051e-03 0.0 0.0 0.0 0.0 0.0 0.0 0.0 0.0 0.0 0.0 
1.52529e-02 1.48928e-02 1.39986e-02 1.22065e-02 8.99205e-03 4.54455e-03 1.54329e-03 0.0 0.0 0.0 0.0 0.0 0.0 0.0 0.0 0.0 0.0 

Z = 2
7.83858e-01 9.46310e-01 1.06923e+00 1.11110e+00 1.08960e+00 1.00712e+00 8.52072e-01 6.64360e-01 6.15054e-01 6.93600e-01 7.40697e-01 7.27785e-01 6.72772e-01 5.73286e-01 3.91962e-01 1.30366e-01 2.93634e-02 
9.33185e-01 1.01699e+00 1.09289e+00 1.12076e+00 1.09812e+00 1.02646e+00 9.10599e-01 7.87285e-01 7.34405e-01 7.49737e-01 7.60441e-01 7.35289e-01 6.73149e-01 5.68233e-01 3.85396e-01 1.27566e-01 2.86158e-02 
1.05468e+00 1.08609e+00 1.11991e+00 1.13004e+00 1.10584e+00 1.04773e+00 9.66342e-01 8.85462e-01 8.30946e-01 8.04537e-01 7.84441e-01 7.46412e-01 6.72060e-01 5.54473e-01 3.68458e-01 1.20341e-01 2.67051e-02 
1.09905e+00 1.11243e+00 1.12653e+00 1.12571e+00 1.10041e+00 1.05054e+00 9.85074e-01 9.18625e-01 8.63711e-01 8.23096e-01 7.90803e-01 7.49144e-01 6.58641e-01 5.15309e-01 3.28619e-01 1.04969e-01 2.28951e-02 
1.07694e+00 1.08887e+00 1.10104e+00 1.09892e+00 1.07356e+00 1.02486e+00 9.61199e-01 8.96032e-01 8.40747e-01 7.97965e-01 7.62608e-01 7.14984e-01 6.05426e-01 4.27975e-01 2.52250e-01 7.73390e-02 1.68619e-02 
9.91081e-01 1.01682e+00 1.04370e+00 1.04948e+00 1.02509e+00 9.70953e-01 8.96162e-01 8.20576e-01 7.65280e-01 7.31011e-01 7.00161e-01 6.45400e-01 5.10877e-01 2.53321e-01 1.17229e-01 4.08141e-02 1.00589e-02 
8.36356e-01 9.05116e-01 9.65859e-01 9.85587e-01 9.62604e-01 8.98457e-01 7.97251e-01 6.88553e-01 6.35283e-01 6.33114e-01 6.17910e-01 5.57547e-01 4.12768e-01 1.56156e-01 4.89003e-02 1.50284e-02 3.96469e-03 
6.58663e-01 7.90913e-01 8.89112e-01 9.19766e-01 8.97683e-01 8.25488e-01 6.94637e-01 5.36483e-01 4.86268e-01 5.31730e-01 5.30846e-01 4.56954e-01 3.17114e-01 1.07572e-01 2.54200e-02 0.0 0.0 
6.06562e-01 7.35188e-01 8.32002e-01 8.62446e-01 8.39894e-01 7.67261e-01 6.38097e-01 4.83349e-01 4.27104e-01 4.56308e-01 4.35106e-01 3.36702e-01 2.14746e-01 6.94239e-02 1.56685e-02 0.0 0.0 
6.70886e-01 7.36771e-01 7.96634e-01 8.16607e-01 7.92119e-01 7.25030e-01 6.24299e-01 5.17640e-01 4.44096e-01 3.99636e-01 3.28439e-01 1.75397e-01 8.90186e-02 3.29140e-02 8.48233e-03 0.0 0.0 
7.13671e-01 7.38880e-01 7.67907e-01 7.77519e-01 7.49738e-01 6.86153e-01 6.01687e-01 5.14941e-01 4.22033e-01 3.17222e-01 2.18393e-01 8.47993e-02 2.99784e-02 1.06179e-02 3.08585e-03 0.0 0.0 
7.00777e-01 7.10056e-01 7.23841e-01 7.29261e-01 6.93505e-01 6.18680e-01 5.30770e-01 4.39951e-01 3.33337e-01 1.72000e-01 8.90846e-02 3.46002e-02 9.93569e-03 0.0 0.0 0.0 0.0 
6.43899e-01 6.45427e-01 6.47096e-01 6.38892e-01 5.85864e-01 4.78694e-01 3.83727e-01 3.01415e-01 2.11597e-01 8.26419e-02 2.95149e-02 1.05717e-02 3.07919e-03 0.0 0.0 0.0 0.0 
5.37396e-01 5.34236e-01 5.24703e-01 4.97899e-01 4.25223e-01 2.46096e-01 1.58394e-01 1.15522e-01 7.62431e-02 3.16283e-02 9.37051e-03 0.0 0.0 0.0 0.0 0.0 0.0 
3.61272e-01 3.56568e-01 3.43786e-01 3.15010e-01 2.50682e-01 1.08959e-01 4.80771e-02 2.81961e-02 1.74027e-02 8.22599e-03 2.70798e-03 0.0 0.0 0.0 0.0 0.0 0.0 
1.34456e-01 1.31954e-01 1.25519e-01 1.12049e-01 8.42782e-02 3.80013e-02 1.25603e-02 0.0 0.0 0.0 0.0 0.0 0.0 0.0 0.0 0.0 0.0 
3.04459e-02 2.97279e-02 2.79433e-02 2.43592e-02 1.79434e-02 9.11945e-03 3.10454e-03 0.0 0.0 0.0 0.0 0.0 0.0 0.0 0.0 0.0 0.0 

Z = 3
1.15858e+00 1.39919e+00 1.58102e+00 1.64300e+00 1.61127e+00 1.48935e+00 1.26009e+00 9.82242e-01 9.09457e-01 1.02613e+00 1.09606e+00 1.07725e+00 9.96170e-01 8.49262e-01 5.80997e-01 1.93454e-01 4.36437e-02 
1.38004e+00 1.50390e+00 1.61613e+00 1.65739e+00 1.62397e+00 1.51806e+00 1.34683e+00 1.16461e+00 1.08654e+00 1.10936e+00 1.12540e+00 1.08846e+00 9.96818e-01 8.41854e-01 5.71319e-01 1.89318e-01 4.25369e-02 
1.55988e+00 1.60626e+00 1.65625e+00 1.67127e+00 1.63554e+00 1.54967e+00 1.42943e+00 1.31000e+00 1.22953e+00 1.19062e+00 1.16111e+00 1.10513e+00 9.95402e-01 8.21650e-01 5.46339e-01 1.78638e-01 3.97060e-02 
1.62555e+00 1.64533e+00 1.66617e+00 1.66498e+00 1.62762e+00 1.55395e+00 1.45725e+00 1.35913e+00 1.27809e+00 1.21822e+00 1.17072e+00 1.10945e+00 9.75833e-01 7.63896e-01 4.87470e-01 1.55882e-01 3.40525e-02 
1.59290e+00 1.61053e+00 1.62853e+00 1.62543e+00 1.58797e+00 1.51603e+00 1.42200e+00 1.32577e+00 1.24419e+00 1.18113e+00 1.12911e+00 1.05903e+00 8.97193e-01 6.34647e-01 3.74324e-01 1.14891e-01 2.50862e-02 
1.46596e+00 1.50398e+00 1.54372e+00 1.55231e+00 1.51630e+00 1.43631e+00 1.32582e+00 1.21421e+00 1.13260e+00 1.08210e+00 1.03673e+00 9.56068e-01 7.57182e-01 3.75765e-01 1.74020e-01 6.06398e-02 1.49652e-02 
1.23705e+00 1.33872e+00 1.42856e+00 1.45780e+00 1.42388e+00 1.32907e+00 1.17949e+00 1.01886e+00 9.40246e-01 9.37259e-01 9.15036e-01 8.26035e-01 6.11864e-01 2.31689e-01 7.26249e-02 2.23336e-02 5.89773e-03 
9.73807e-01 1.16975e+00 1.31507e+00 1.36050e+00 1.32791e+00 1.22120e+00 1.02769e+00 7.93573e-01 7.19484e-01 7.87299e-01 7.86300e-01 6.77180e-01 4.70225e-01 1.59674e-01 3.77842e-02 0.0 0.0 
8.96885e-01 1.08747e+00 1.23076e+00 1.27588e+00 1.24262e+00 1.13525e+00 9.44243e-01 7.15169e-01 6.32141e-01 6.75847e-01 6.44697e-01 4.99156e-01 3.18550e-01 1.03090e-01 2.33014e-02 0.0 0.0 
9.92704e-01 1.09015e+00 1.17874e+00 1.20838e+00 1.17226e+00 1.07311e+00 9.24222e-01 7.66613e-01 6.57937e-01 5.92248e-01 4.86873e-01 2.60152e-01 1.32101e-01 4.88833e-02 1.26147e-02 0.0 0.0 
1.05635e+00 1.09363e+00 1.13662e+00 1.15097e+00 1.11001e+00 1.01606e+00 8.91207e-01 7.62999e-01 6.25552e-01 4.70363e-01 3.23903e-01 1.25836e-01 4.45081e-02 1.57716e-02 4.58849e-03 0.0 0.0 
1.03755e+00 1.05131e+00 1.07181e+00 1.08005e+00 1.02733e+00 9.16752e-01 7.86695e-01 6.52225e-01 4.94281e-01 2.55164e-01 1.32194e-01 5.13706e-02 1.47641e-02 0.0 0.0 0.0 0.0 
9.53726e-01 9.56022e-01 9.58583e-01 9.46622e-01 8.68284e-01 7.09719e-01 5.69071e-01 4.47058e-01 3.13877e-01 1.22651e-01 4.38223e-02 1.57028e-02 4.57838e-03 0.0 0.0 0.0 0.0 
7.96446e-01 7.91786e-01 7.77710e-01 7.38069e-01 6.30458e-01 3.65048e-01 2.35005e-01 1.71400e-01 1.13132e-01 4.69575e-02 1.39246e-02 0.0 0.0 0.0 0.0 0.0 0.0 
5.35668e-01 5.28706e-01 5.09778e-01 4.67147e-01 3.71792e-01 1.61680e-01 7.13567e-02 4.18370e-02 2.58212e-02 1.22140e-02 4.02599e-03 0.0 0.0 0.0 0.0 0.0 0.0 
1.99417e-01 1.95711e-01 1.86175e-01 1.66207e-01 1.25030e-01 5.64084e-02 1.86578e-02 0.0 0.0 0.0 0.0 0.0 0.0 0.0 0.0 0.0 0.0 
4.51477e-02 4.40837e-02 4.14384e-02 3.61249e-02 2.66160e-02 1.35385e-02 4.61534e-03 0.0 0.0 0.0 0.0 0.0 0.0 0.0 0.0 0.0 0.0 

Z = 4
1.48583e+00 1.79409e+00 2.02718e+00 2.10670e+00 2.06607e+00 1.90984e+00 1.61603e+00 1.26006e+00 1.16687e+00 1.31651e+00 1.40634e+00 1.38237e+00 1.27849e+00 1.09006e+00 7.45895e-01 2.48491e-01 5.60979e-02 
1.76951e+00 1.92831e+00 2.07222e+00 2.12517e+00 2.08239e+00 1.94669e+00 1.72725e+00 1.49374e+00 1.39380e+00 1.42325e+00 1.44400e+00 1.39678e+00 1.27934e+00 1.08058e+00 7.33485e-01 2.43184e-01 5.46765e-02 
2.00008e+00 2.05957e+00 2.12371e+00 2.14302e+00 2.09728e+00 1.98728e+00 1.83323e+00 1.68022e+00 1.57720e+00 1.52750e+00 1.48984e+00 1.41820e+00 1.27755e+00 1.05468e+00 7.01437e-01 2.29473e-01 5.10401e-02 
2.08434e+00 2.10972e+00 2.13649e+00 2.13503e+00 2.08720e+00 1.99283e+00 1.86896e+00 1.74329e+00 1.63953e+00 1.56295e+00 1.50221e+00 1.42376e+00 1.25245e+00 9.80561e-01 6.25872e-01 2.00251e-01 4.37763e-02 
2.04254e+00 2.06518e+00 2.08831e+00 2.08439e+00 2.03644e+00 1.94429e+00 1.82382e+00 1.70056e+00 1.59610e+00 1.51541e+00 1.44888e+00 1.35912e+00 1.15161e+00 8.14766e-01 4.80678e-01 1.47615e-01 3.22542e-02 
1.87985e+00 1.92863e+00 1.97964e+00 1.99073e+00 1.94461e+00 1.84212e+00 1.70053e+00 1.55752e+00 1.45301e+00 1.38843e+00 1.33041e+00 1.22704e+00 9.72024e-01 4.82630e-01 2.23602e-01 7.79445e-02 1.92450e-02 
1.58646e+00 1.71683e+00 1.83208e+00 1.86964e+00 1.82620e+00 1.70469e+00 1.51295e+00 1.30705e+00 1.20635e+00 1.20267e+00 1.17431e+00 1.06022e+00 7.85535e-01 2.97631e-01 9.33603e-02 2.87214e-02 7.58666e-03 
1.24922e+00 1.50034e+00 1.68669e+00 1.74499e+00 1.70327e+00 1.56646e+00 1.31838e+00 1.01831e+00 9.23375e-01 1.01035e+00 1.00915e+00 8.69205e-01 6.03707e-01 2.05117e-01 4.85737e-02 0.0 0.0 
1.15072e+00 1.39498e+00 1.57874e+00 1.63665e+00 1.59404e+00 1.45639e+00 1.21148e+00 9.17832e-01 8.11392e-01 8.67422e-01 8.27515e-01 6.40797e-01 4.09034e-01 1.32444e-01 2.99563e-02 0.0 0.0 
1.27359e+00 1.39857e+00 1.51221e+00 1.55028e+00 1.50400e+00 1.37687e+00 1.18593e+00 9.83784e-01 8.44415e-01 7.60173e-01 6.25048e-01 3.34140e-01 1.69729e-01 6.28272e-02 1.62203e-02 0.0 0.0 
1.35536e+00 1.40320e+00 1.45839e+00 1.47683e+00 1.42434e+00 1.30386e+00 1.14371e+00 9.79235e-01 8.02934e-01 6.03834e-01 4.15917e-01 1.61680e-01 5.72212e-02 2.02819e-02 5.90183e-03 0.0 0.0 
1.33143e+00 1.34910e+00 1.37542e+00 1.38600e+00 1.31839e+00 1.17653e+00 1.00968e+00 8.37166e-01 6.34564e-01 3.27740e-01 1.69854e-01 6.60285e-02 1.89867e-02 0.0 0.0 0.0 0.0 
1.22402e+00 1.22698e+00 1.23028e+00 1.21495e+00 1.11448e+00 9.11032e-01 7.30542e-01 5.73954e-01 4.03052e-01 1.57591e-01 5.63411e-02 2.01940e-02 5.88904e-03 0.0 0.0 0.0 0.0 
1.02224e+00 1.01627e+00 9.98231e-01 9.47394e-01 8.09407e-01 4.68859e-01 3.01899e-01 2.20208e-01 1.45368e-01 6.03565e-02 1.79073e-02 0.0 0.0 0.0 0.0 0.0 0.0 
6.87670e-01 6.78739e-01 6.54457e-01 5.99760e-01 4.77437e-01 2.07742e-01 9.17352e-02 5.37947e-02 3.32044e-02 1.57078e-02 5.17845e-03 0.0 0.0 0.0 0.0 0.0 0.0 
2.56178e-01 2.51419e-01 2.39174e-01 2.13535e-01 1.60656e-01 7.25061e-02 2.39954e-02 0.0 0.0 0.0 0.0 0.0 0.0 0.0 0.0 0.0 0.0 
5.80463e-02 5.66788e-02 5.32794e-02 4.64505e-02 3.42266e-02 1.74114e-02 5.93669e-03 0.0 0.0 0.0 0.0 0.0 0.0 0.0 0.0 0.0 0.0 

Z = 5
1.75843e+00 2.12332e+00 2.39925e+00 2.49343e+00 2.44547e+00 2.26070e+00 1.91306e+00 1.49180e+00 1.38171e+00 1.55917e+00 1.66576e+00 1.63753e+00 1.51461e+00 1.29150e+00 8.83777e-01 2.94404e-01 6.64566e-02 
2.09423e+00 2.28220e+00 2.45257e+00 2.51533e+00 2.46482e+00 2.30435e+00 2.04477e+00 1.76855e+00 1.65047e+00 1.68558e+00 1.71036e+00 1.65460e+00 1.51562e+00 1.28026e+00 8.69074e-01 2.88117e-01 6.47728e-02 
2.36716e+00 2.43760e+00 2.51357e+00 2.53652e+00 2.48251e+00 2.35246e+00 2.17029e+00 1.98938e+00 1.86766e+00 1.80904e+00 1.76466e+00 1.67998e+00 1.51351e+00 1.24957e+00 8.31105e-01 2.71874e-01 6.04651e-02 
2.46697e+00 2.49704e+00 2.52879e+00 2.52715e+00 2.47067e+00 2.35912e+00 2.21267e+00 2.06410e+00 1.94149e+00 1.85104e+00 1.77932e+00 1.68659e+00 1.48379e+00 1.16178e+00 7.41583e-01 2.37255e-01 5.18603e-02 
2.41760e+00 2.44443e+00 2.47188e+00 2.46733e+00 2.41069e+00 2.30175e+00 2.15931e+00 2.01358e+00 1.89011e+00 1.79478e+00 1.71618e+00 1.61003e+00 1.36433e+00 9.65341e-01 5.69547e-01 1.74893e-01 3.82106e-02 
2.22516e+00 2.28294e+00 2.34340e+00 2.35660e+00 2.30212e+00 2.18091e+00 2.01343e+00 1.84427e+00 1.72072e+00 1.64443e+00 1.57589e+00 1.45361e+00 1.15158e+00 5.71766e-01 2.64902e-01 9.23422e-02 2.27994e-02 
1.87802e+00 2.03241e+00 2.16890e+00 2.21343e+00 2.16210e+00 2.01834e+00 1.79143e+00 1.54776e+00 1.42868e+00 1.42449e+00 1.39103e+00 1.25601e+00 9.30655e-01 3.52590e-01 1.10593e-01 3.40243e-02 8.98782e-03 
1.47893e+00 1.77631e+00 1.99699e+00 2.06608e+00 2.01674e+00 1.85484e+00 1.56116e+00 1.20590e+00 1.09359e+00 1.19677e+00 1.19545e+00 1.02976e+00 7.15258e-01 2.42999e-01 5.75392e-02 0.0 0.0 
1.36253e+00 1.65180e+00 1.86941e+00 1.93802e+00 1.88761e+00 1.72468e+00 1.43472e+00 1.08702e+00 9.61049e-01 1.02754e+00 9.80333e-01 7.59179e-01 4.84624e-01 1.56907e-01 3.54858e-02 0.0 0.0 
1.50828e+00 1.65628e+00 1.79086e+00 1.83596e+00 1.78119e+00 1.63069e+00 1.40462e+00 1.16528e+00 1.00028e+00 9.00556e-01 7.40508e-01 3.95842e-01 2.01071e-01 7.44285e-02 1.92148e-02 0.0 0.0 
1.60531e+00 1.66196e+00 1.72732e+00 1.74918e+00 1.68703e+00 1.54438e+00 1.35474e+00 1.15999e+00 9.51200e-01 7.15374e-01 4.92765e-01 1.91534e-01 6.77823e-02 2.40258e-02 6.99147e-03 0.0 0.0 
1.57711e+00 1.59804e+00 1.62922e+00 1.64177e+00 1.56171e+00 1.39371e+00 1.19609e+00 9.91769e-01 7.51776e-01 3.88255e-01 2.01216e-01 7.82196e-02 2.24916e-02 0.0 0.0 0.0 0.0 
1.45001e+00 1.45351e+00 1.45743e+00 1.43928e+00 1.32028e+00 1.07928e+00 8.65474e-01 6.79989e-01 4.77525e-01 1.86689e-01 6.67391e-02 2.39215e-02 6.97635e-03 0.0 0.0 0.0 0.0 
1.21108e+00 1.20401e+00 1.18264e+00 1.12242e+00 9.58938e-01 5.55424e-01 3.57631e-01 2.60868e-01 1.72213e-01 7.15012e-02 2.12129e-02 0.0 0.0 0.0 0.0 0.0 0.0 
8.14752e-01 8.04171e-01 7.75406e-01 7.10611e-01 5.65676e-01 2.46103e-01 1.08665e-01 6.37226e-02 3.93332e-02 1.86077e-02 6.13466e-03 0.0 0.0 0.0 0.0 0.0 0.0 
3.03496e-01 2.97859e-01 2.83354e-01 2.52982e-01 1.90336e-01 8.58976e-02 2.84257e-02 0.0 0.0 0.0 0.0 0.0 0.0 0.0 0.0 0.0 0.0 
6.87628e-02 6.71431e-02 6.31165e-02 5.50273e-02 4.05467e-02 2.06271e-02 7.03337e-03 0.0 0.0 0.0 0.0 0.0 0.0 0.0 0.0 0.0 0.0 

Z = 6
1.96615e+00 2.37418e+00 2.68281e+00 2.78827e+00 2.73483e+00 2.52842e+00 2.13986e+00 1.66896e+00 1.54614e+00 1.74508e+00 1.86466e+00 1.83329e+00 1.69584e+00 1.44614e+00 9.89640e-01 3.29676e-01 7.44184e-02 
2.34166e+00 2.55189e+00 2.74248e+00 2.81280e+00 2.75652e+00 2.57730e+00 2.28726e+00 1.97861e+00 1.84689e+00 1.88654e+00 1.91457e+00 1.85239e+00 1.69697e+00 1.43355e+00 9.73171e-01 3.22634e-01 7.25327e-02 
2.64692e+00 2.72574e+00 2.81079e+00 2.83661e+00 2.77641e+00 2.63122e+00 2.42776e+00 2.22574e+00 2.08994e+00 2.02471e+00 1.97534e+00 1.88079e+00 1.69459e+00 1.39917e+00 9.30648e-01 3.04443e-01 6.77085e-02 
2.75865e+00 2.79234e+00 2.82795e+00 2.82627e+00 2.76331e+00 2.63880e+00 2.47529e+00 2.30942e+00 2.17260e+00 2.07172e+00 1.99176e+00 1.88818e+00 1.66130e+00 1.30085e+00 8.30394e-01 2.65674e-01 5.80723e-02 
2.70362e+00 2.73369e+00 2.76449e+00 2.75956e+00 2.69641e+00 2.57478e+00 2.41571e+00 2.25298e+00 2.11516e+00 2.00879e+00 1.92109e+00 1.80247e+00 1.52753e+00 1.08088e+00 6.37742e-01 1.95839e-01 4.27869e-02 
2.48862e+00 2.55331e+00 2.62104e+00 2.63595e+00 2.57518e+00 2.43979e+00 2.25264e+00 2.06363e+00 1.92567e+00 1.84057e+00 1.76408e+00 1.62735e+00 1.28932e+00 6.40185e-01 2.96613e-01 1.03398e-01 2.55292e-02 
2.10061e+00 2.27336e+00 2.42615e+00 2.47609e+00 2.41880e+00 2.25811e+00 2.00440e+00 1.73195e+00 1.59892e+00 1.59445e+00 1.55718e+00 1.40615e+00 1.04196e+00 3.94772e-01 1.23827e-01 3.80961e-02 1.00636e-02 
1.65449e+00 1.98721e+00 2.23418e+00 2.31155e+00 2.25645e+00 2.07542e+00 1.74693e+00 1.34951e+00 1.22399e+00 1.33963e+00 1.33828e+00 1.15286e+00 8.00799e-01 2.72067e-01 6.44220e-02 0.0 0.0 
1.52460e+00 1.84828e+00 2.09179e+00 2.16861e+00 2.11227e+00 1.93003e+00 1.60564e+00 1.21661e+00 1.07574e+00 1.15026e+00 1.09749e+00 8.49944e-01 5.42581e-01 1.75675e-01 3.97303e-02 0.0 0.0 
1.68801e+00 1.85363e+00 2.00424e+00 2.05473e+00 1.99347e+00 1.82509e+00 1.57214e+00 1.30434e+00 1.11973e+00 1.00816e+00 8.29020e-01 4.43171e-01 2.25117e-01 8.33300e-02 2.15128e-02 0.0 0.0 
1.79686e+00 1.86026e+00 1.93341e+00 1.95788e+00 1.88834e+00 1.72869e+00 1.51648e+00 1.29852e+00 1.06484e+00 8.00871e-01 5.51671e-01 2.14434e-01 7.58868e-02 2.68986e-02 7.82743e-03 0.0 0.0 
1.76550e+00 1.78893e+00 1.82382e+00 1.83786e+00 1.74825e+00 1.56018e+00 1.33899e+00 1.11028e+00 8.41625e-01 4.34666e-01 2.25271e-01 8.75705e-02 2.51801e-02 0.0 0.0 0.0 0.0 
1.62337e+00 1.62729e+00 1.63166e+00 1.61133e+00 1.47809e+00 1.20827e+00 9.68916e-01 7.61268e-01 5.34608e-01 2.09007e-01 7.47170e-02 2.67808e-02 7.81015e-03 0.0 0.0 0.0 0.0 
1.35597e+00 1.34805e+00 1.32411e+00 1.25668e+00 1.07362e+00 6.21839e-01 4.00388e-01 2.92055e-01 1.92802e-01 8.00491e-02 2.37485e-02 0.0 0.0 0.0 0.0 0.0 0.0 
9.12261e-01 9.00411e-01 8.68198e-01 7.95640e-01 6.33351e-01 2.75540e-01 1.21658e-01 7.13406e-02 4.40353e-02 2.08321e-02 6.86791e-03 0.0 0.0 0.0 0.0 0.0 0.0 
3.39825e-01 3.33513e-01 3.17269e-01 2.83259e-01 2.13112e-01 9.61744e-02 3.18254e-02 0.0 0.0 0.0 0.0 0.0 0.0 0.0 0.0 0.0 0.0 
7.69934e-02 7.51796e-02 7.06706e-02 6.16127e-02 4.53986e-02 2.30951e-02 7.87476e-03 0.0 0.0 0.0 0.0 0.0 0.0 0.0 0.0 0.0 0.0 

Z = 7
2.10094e+00 2.53702e+00 2.86696e+00 2.97991e+00 2.92311e+00 2.70288e+00 2.28793e+00 1.78493e+00 1.65418e+00 1.86761e+00 1.99606e+00 1.96285e+00 1.81596e+00 1.54874e+00 1.05993e+00 3.53099e-01 7.97068e-02 
2.50226e+00 2.72698e+00 2.93081e+00 3.00621e+00 2.94639e+00 2.75523e+00 2.44564e+00 2.11619e+00 1.97594e+00 2.01897e+00 2.04946e+00 1.98328e+00 1.81715e+00 1.53524e+00 1.04228e+00 3.45555e-01 7.76866e-02 
2.82860e+00 2.91291e+00 3.00397e+00 3.03182e+00 2.96782e+00 2.81305e+00 2.59604e+00 2.38061e+00 2.23600e+00 2.16681e+00 2.11449e+00 2.01366e+00 1.81457e+00 1.49840e+00 9.96720e-01 3.26067e-01 7.25186e-02 
2.94821e+00 2.98431e+00 3.02255e+00 3.02102e+00 2.95406e+00 2.82137e+00 2.64705e+00 2.47024e+00 2.32449e+00 2.21714e+00 2.13205e+00 2.02155e+00 1.77889e+00 1.39308e+00 8.89331e-01 2.84539e-01 6.21968e-02 
2.88969e+00 2.92193e+00 2.95504e+00 2.95003e+00 2.88284e+00 2.75318e+00 2.58354e+00 2.41001e+00 2.26312e+00 2.14983e+00 2.05642e+00 1.92977e+00 1.63562e+00 1.15748e+00 6.82987e-01 2.09740e-01 4.58247e-02 
2.66025e+00 2.72951e+00 2.80210e+00 2.81828e+00 2.75358e+00 2.60913e+00 2.40935e+00 2.20762e+00 2.06049e+00 1.96987e+00 1.88837e+00 1.74228e+00 1.38052e+00 6.85523e-01 3.17641e-01 1.10733e-01 2.73411e-02 
2.24586e+00 2.43069e+00 2.59422e+00 2.64782e+00 2.58678e+00 2.41518e+00 2.14408e+00 1.85294e+00 1.71098e+00 1.70656e+00 1.66695e+00 1.50546e+00 1.11565e+00 4.22713e-01 1.32597e-01 4.07968e-02 1.07775e-02 
1.76935e+00 2.12526e+00 2.38951e+00 2.47240e+00 2.41363e+00 2.22016e+00 1.86893e+00 1.44396e+00 1.30991e+00 1.43393e+00 1.43267e+00 1.23430e+00 8.57429e-01 2.91316e-01 6.89814e-02 0.0 0.0 
1.63100e+00 1.97727e+00 2.23781e+00 2.32007e+00 2.25990e+00 2.06504e+00 1.71810e+00 1.30198e+00 1.15140e+00 1.23133e+00 1.17494e+00 9.09995e-01 5.80950e-01 1.88102e-01 4.25413e-02 0.0 0.0 
1.80636e+00 1.98355e+00 2.14470e+00 2.19875e+00 2.13326e+00 1.95316e+00 1.68257e+00 1.39609e+00 1.19861e+00 1.07927e+00 8.87556e-01 4.74482e-01 2.41032e-01 8.92236e-02 2.30347e-02 0.0 0.0 
1.92327e+00 1.99110e+00 2.06937e+00 2.09557e+00 2.02116e+00 1.85033e+00 1.62325e+00 1.39002e+00 1.13995e+00 8.57401e-01 5.90638e-01 2.29584e-01 8.12504e-02 2.88005e-02 8.38109e-03 0.0 0.0 
1.89004e+00 1.91510e+00 1.95243e+00 1.96745e+00 1.87151e+00 1.67020e+00 1.43342e+00 1.18862e+00 9.01036e-01 4.65358e-01 2.41183e-01 9.37578e-02 2.69596e-02 0.0 0.0 0.0 0.0 
1.73812e+00 1.74230e+00 1.74697e+00 1.72518e+00 1.58250e+00 1.29360e+00 1.03734e+00 8.15033e-01 5.72373e-01 2.23771e-01 7.99950e-02 2.86729e-02 8.36204e-03 0.0 0.0 0.0 0.0 
1.45197e+00 1.44347e+00 1.41782e+00 1.34559e+00 1.14956e+00 6.65797e-01 4.28680e-01 3.12690e-01 2.06425e-01 8.57053e-02 2.54266e-02 0.0 0.0 0.0 0.0 0.0 0.0 
9.76914e-01 9.64218e-01 9.29708e-01 8.51995e-01 6.78194e-01 2.95037e-01 1.30260e-01 7.63828e-02 4.71472e-02 2.23043e-02 7.35331e-03 0.0 0.0 0.0 0.0 0.0 0.0 
3.63918e-01 3.57156e-01 3.39756e-01 3.03331e-01 2.28209e-01 1.02985e-01 3.40784e-02 0.0 0.0 0.0 0.0 0.0 0.0 0.0 0.0 0.0 0.0 
8.24531e-02 8.05102e-02 7.56806e-02 6.59796e-02 4.86155e-02 2.47315e-02 8.43272e-03 0.0 0.0 0.0 0.0 0.0 0.0 0.0 0.0 0.0 0.0 

Z = 8
2.15719e+00 2.60506e+00 2.94411e+00 3.06050e+00 3.00271e+00 2.77714e+00 2.35153e+00 1.83538e+00 1.70197e+00 1.92259e+00 2.05564e+00 2.02207e+00 1.87122e+00 1.59615e+00 1.09250e+00 3.63966e-01 8.21614e-02 
2.56937e+00 2.80024e+00 3.00981e+00 3.08766e+00 3.02679e+00 2.83110e+00 2.51380e+00 2.17613e+00 2.03301e+00 2.07834e+00 2.11058e+00 2.04309e+00 1.87241e+00 1.58221e+00 1.07430e+00 3.56185e-01 8.00779e-02 
2.90469e+00 2.99141e+00 3.08521e+00 3.11425e+00 3.04909e+00 2.89081e+00 2.66868e+00 2.44824e+00 2.30062e+00 2.23048e+00 2.17750e+00 2.07433e+00 1.86971e+00 1.54421e+00 1.02731e+00 3.36090e-01 7.47492e-02 
3.02790e+00 3.06512e+00 3.10470e+00 3.10357e+00 3.03536e+00 2.89973e+00 2.72143e+00 2.54063e+00 2.39177e+00 2.28230e+00 2.19556e+00 2.08241e+00 1.83288e+00 1.43561e+00 9.16594e-01 2.93276e-01 6.41081e-02 
2.96830e+00 3.00158e+00 3.03590e+00 3.03118e+00 2.96268e+00 2.83009e+00 2.65647e+00 2.47893e+00 2.32877e+00 2.21309e+00 2.11769e+00 1.98784e+00 1.68520e+00 1.19276e+00 7.03893e-01 2.16171e-01 4.72312e-02 
2.73321e+00 2.80456e+00 2.87946e+00 2.89648e+00 2.83046e+00 2.68251e+00 2.47774e+00 2.27100e+00 2.12044e+00 2.02795e+00 1.94469e+00 1.79470e+00 1.42232e+00 7.06368e-01 3.27337e-01 1.14122e-01 2.81790e-02 
2.30813e+00 2.49829e+00 2.66667e+00 2.72210e+00 2.65971e+00 2.48368e+00 2.20533e+00 1.90640e+00 1.76097e+00 1.75704e+00 1.71675e+00 1.55077e+00 1.14940e+00 4.35535e-01 1.36631e-01 4.20418e-02 1.11073e-02 
1.81920e+00 2.18528e+00 2.45719e+00 2.54267e+00 2.48249e+00 2.28379e+00 1.92280e+00 1.48592e+00 1.34842e+00 1.47653e+00 1.47556e+00 1.27147e+00 8.83356e-01 3.00140e-01 7.10733e-02 0.0 0.0 
1.67792e+00 2.03414e+00 2.30222e+00 2.38696e+00 2.32523e+00 2.12496e+00 1.76818e+00 1.34020e+00 1.18551e+00 1.26807e+00 1.21019e+00 9.37416e-01 5.98514e-01 1.93797e-01 4.38300e-02 0.0 0.0 
1.85927e+00 2.04158e+00 2.20740e+00 2.26307e+00 2.19576e+00 2.01052e+00 1.73218e+00 1.43747e+00 1.23435e+00 1.11160e+00 9.14239e-01 4.88780e-01 2.48312e-01 9.19225e-02 2.37321e-02 0.0 0.0 
1.98035e+00 2.05015e+00 2.13069e+00 2.15765e+00 2.08108e+00 1.90526e+00 1.67154e+00 1.43151e+00 1.17408e+00 8.83150e-01 6.08419e-01 2.36503e-01 8.37020e-02 2.96708e-02 8.63469e-03 0.0 0.0 
1.94672e+00 1.97249e+00 2.01090e+00 2.02634e+00 1.92751e+00 1.72018e+00 1.47636e+00 1.22427e+00 9.28107e-01 4.79353e-01 2.48445e-01 9.65833e-02 2.77725e-02 0.0 0.0 0.0 0.0 
1.79067e+00 1.79495e+00 1.79971e+00 1.77721e+00 1.63019e+00 1.33255e+00 1.06855e+00 8.39568e-01 5.89614e-01 2.30510e-01 8.24043e-02 2.95370e-02 8.61416e-03 0.0 0.0 0.0 0.0 
1.49612e+00 1.48734e+00 1.46087e+00 1.38641e+00 1.18438e+00 6.85919e-01 4.41613e-01 3.22119e-01 2.12650e-01 8.82899e-02 2.61932e-02 0.0 0.0 0.0 0.0 0.0 0.0 
1.00673e+00 9.93633e-01 9.58048e-01 8.77937e-01 6.98814e-01 3.03986e-01 1.34200e-01 7.86889e-02 4.85699e-02 2.29775e-02 7.57526e-03 0.0 0.0 0.0 0.0 0.0 0.0 
3.75041e-01 3.68067e-01 3.50129e-01 3.12582e-01 2.35160e-01 1.06119e-01 3.51136e-02 0.0 0.0 0.0 0.0 0.0 0.0 0.0 0.0 0.0 0.0 
8.49746e-02 8.29714e-02 7.79926e-02 6.79934e-02 5.00981e-02 2.54856e-02 8.68983e-03 0.0 0.0 0.0 0.0 0.0 0.0 0.0 0.0 0.0 0.0 

Z = 9
2.13182e+00 2.57461e+00 2.91010e+00 3.02580e+00 2.96958e+00 2.74761e+00 2.32777e+00 1.81830e+00 1.68794e+00 1.90853e+00 2.04202e+00 2.00978e+00 1.86065e+00 1.58763e+00 1.08688e+00 3.62120e-01 8.17471e-02 
2.53932e+00 2.76769e+00 2.97525e+00 3.05288e+00 2.99362e+00 2.80126e+00 2.48871e+00 2.15610e+00 2.01622e+00 2.06302e+00 2.09652e+00 2.03061e+00 1.86178e+00 1.57372e+00 1.06874e+00 3.54371e-01 7.96725e-02 
2.87110e+00 2.95703e+00 3.05021e+00 3.07961e+00 3.01615e+00 2.86081e+00 2.64250e+00 2.42601e+00 2.28166e+00 2.21394e+00 2.16289e+00 2.06157e+00 1.85900e+00 1.53585e+00 1.02195e+00 3.34364e-01 7.43681e-02 
2.99349e+00 3.03053e+00 3.07013e+00 3.06973e+00 3.00322e+00 2.87026e+00 2.69525e+00 2.51792e+00 2.37222e+00 2.26539e+00 2.18079e+00 2.06953e+00 1.82228e+00 1.42775e+00 9.11764e-01 2.91755e-01 6.37781e-02 
2.93540e+00 2.96858e+00 3.00302e+00 2.99904e+00 2.93216e+00 2.80205e+00 2.63150e+00 2.45716e+00 2.30997e+00 2.19681e+00 2.10347e+00 1.97550e+00 1.67536e+00 1.18613e+00 7.00129e-01 2.15036e-01 4.69853e-02 
2.70395e+00 2.77483e+00 2.84944e+00 2.86693e+00 2.80235e+00 2.65679e+00 2.45507e+00 2.25150e+00 2.10364e+00 2.01324e+00 1.93172e+00 1.78354e+00 1.41394e+00 7.02355e-01 3.25541e-01 1.13510e-01 2.80302e-02 
2.28458e+00 2.47314e+00 2.64030e+00 2.69573e+00 2.63457e+00 2.46089e+00 2.18587e+00 1.89049e+00 1.74738e+00 1.74459e+00 1.70544e+00 1.54114e+00 1.14257e+00 4.33008e-01 1.35857e-01 4.18105e-02 1.10477e-02 
1.80202e+00 2.16489e+00 2.43459e+00 2.51966e+00 2.46047e+00 2.26402e+00 1.90668e+00 1.47406e+00 1.33843e+00 1.46639e+00 1.46600e+00 1.26362e+00 8.78091e-01 2.98379e-01 7.06603e-02 0.0 0.0 
1.66379e+00 2.01698e+00 2.28286e+00 2.36707e+00 2.30614e+00 2.10787e+00 1.75437e+00 1.33021e+00 1.17720e+00 1.25967e+00 1.20250e+00 9.31665e-01 5.94943e-01 1.92654e-01 4.35730e-02 0.0 0.0 
1.84529e+00 2.02609e+00 2.19056e+00 2.24585e+00 2.17920e+00 1.99560e+00 1.71965e+00 1.42746e+00 1.22611e+00 1.10445e+00 9.08527e-01 4.85783e-01 2.46819e-01 9.13768e-02 2.35924e-02 0.0 0.0 
1.96677e+00 2.03599e+00 2.11588e+00 2.14264e+00 2.06664e+00 1.89216e+00 1.66024e+00 1.42205e+00 1.16651e+00 8.77592e-01 6.04665e-01 2.35056e-01 8.31948e-02 2.94933e-02 8.58357e-03 0.0 0.0 
1.93438e+00 1.95993e+00 1.99801e+00 2.01329e+00 1.91507e+00 1.70908e+00 1.46689e+00 1.21650e+00 9.22296e-01 4.76373e-01 2.46915e-01 9.59927e-02 2.76035e-02 0.0 0.0 0.0 0.0 
1.78005e+00 1.78426e+00 1.78891e+00 1.76646e+00 1.62025e+00 1.32435e+00 1.06196e+00 8.34402e-01 5.86004e-01 2.29096e-01 8.18983e-02 2.93563e-02 8.56170e-03 0.0 0.0 0.0 0.0 
1.48769e+00 1.47893e+00 1.45254e+00 1.37842e+00 1.17747e+00 6.81839e-01 4.38946e-01 3.20165e-01 2.11360e-01 8.77544e-02 2.60341e-02 0.0 0.0 0.0 0.0 0.0 0.0 
1.00125e+00 9.88204e-01 9.52772e-01 8.73053e-01 6.94874e-01 3.02236e-01 1.33407e-01 7.82167e-02 4.82769e-02 2.28390e-02 7.52967e-03 0.0 0.0 0.0 0.0 0.0 0.0 
3.73027e-01 3.66084e-01 3.48228e-01 3.10869e-01 2.33858e-01 1.05525e-01 3.49142e-02 0.0 0.0 0.0 0.0 0.0 0.0 0.0 0.0 0.0 0.0 
8.45209e-02 8.25268e-02 7.75720e-02 6.76236e-02 4.98234e-02 2.53455e-02 8.64208e-03 0.0 0.0 0.0 0.0 0.0 0.0 0.0 0.0 0.0 0.0 

Z = 10
2.02433e+00 2.44505e+00 2.76421e+00 2.87509e+00 2.82309e+00 2.61393e+00 2.21668e+00 1.73408e+00 1.61295e+00 1.82689e+00 1.95711e+00 1.92811e+00 1.78637e+00 1.52506e+00 1.04440e+00 3.48009e-01 7.85658e-02 
2.41152e+00 2.62864e+00 2.82635e+00 2.90109e+00 2.84626e+00 2.66534e+00 2.37040e+00 2.05657e+00 1.92657e+00 1.97454e+00 2.00919e+00 1.94798e+00 1.78737e+00 1.51164e+00 1.02693e+00 3.40549e-01 7.65693e-02 
2.72713e+00 2.80901e+00 2.89812e+00 2.92709e+00 2.86830e+00 2.72267e+00 2.51755e+00 2.31448e+00 2.18023e+00 2.11878e+00 2.07261e+00 1.97752e+00 1.78455e+00 1.47513e+00 9.81894e-01 3.21301e-01 7.14672e-02 
2.84429e+00 2.87977e+00 2.91803e+00 2.91870e+00 2.85699e+00 2.73257e+00 2.56859e+00 2.40269e+00 2.26696e+00 2.16800e+00 2.08967e+00 1.98502e+00 1.74913e+00 1.37116e+00 8.75940e-01 2.80333e-01 6.12854e-02 
2.79043e+00 2.82230e+00 2.85570e+00 2.85295e+00 2.79077e+00 2.66881e+00 2.50875e+00 2.34535e+00 2.20786e+00 2.10255e+00 2.01562e+00 1.89474e+00 1.60795e+00 1.13897e+00 6.72533e-01 2.06594e-01 4.51445e-02 
2.57213e+00 2.63996e+00 2.71165e+00 2.72925e+00 2.66901e+00 2.53195e+00 2.34164e+00 2.14979e+00 2.01118e+00 1.92722e+00 1.85121e+00 1.71061e+00 1.35691e+00 6.74284e-01 3.12637e-01 1.09033e-01 2.69286e-02 
2.17523e+00 2.35527e+00 2.51517e+00 2.56879e+00 2.51149e+00 2.34709e+00 2.08616e+00 1.80591e+00 1.67123e+00 1.67055e+00 1.63461e+00 1.47817e+00 1.09641e+00 4.15617e-01 1.30434e-01 4.01525e-02 1.06120e-02 
1.71821e+00 2.06456e+00 2.32224e+00 2.40395e+00 2.34817e+00 2.16153e+00 1.82128e+00 1.40910e+00 1.28087e+00 1.40476e+00 1.40542e+00 1.21207e+00 8.42594e-01 2.86364e-01 6.78221e-02 0.0 0.0 
1.58945e+00 1.92676e+00 2.18079e+00 2.26150e+00 2.20371e+00 2.01484e+00 1.67767e+00 1.27289e+00 1.12744e+00 1.20728e+00 1.15308e+00 8.93729e-01 5.70892e-01 1.84889e-01 4.18192e-02 0.0 0.0 
1.76582e+00 1.93855e+00 2.09572e+00 2.14863e+00 2.08510e+00 1.90983e+00 1.64631e+00 1.36725e+00 1.17503e+00 1.05892e+00 8.71366e-01 4.66012e-01 2.36824e-01 8.76881e-02 2.26420e-02 0.0 0.0 
1.88435e+00 1.95049e+00 2.02683e+00 2.05239e+00 1.97966e+00 1.81273e+00 1.59085e+00 1.36300e+00 1.11842e+00 8.41639e-01 5.80022e-01 2.25497e-01 7.98195e-02 2.83004e-02 8.23737e-03 0.0 0.0 
1.85507e+00 1.87945e+00 1.91581e+00 1.93034e+00 1.83611e+00 1.63862e+00 1.40650e+00 1.16657e+00 8.84573e-01 4.56926e-01 2.36859e-01 9.20905e-02 2.64828e-02 0.0 0.0 0.0 0.0 
1.70830e+00 1.71225e+00 1.71658e+00 1.69488e+00 1.55446e+00 1.27046e+00 1.01871e+00 8.00438e-01 5.62182e-01 2.19779e-01 7.85663e-02 2.81630e-02 8.21409e-03 0.0 0.0 0.0 0.0 
1.42846e+00 1.41998e+00 1.39454e+00 1.32324e+00 1.13019e+00 6.54329e-01 4.21169e-01 3.07183e-01 2.02790e-01 8.41962e-02 2.49780e-02 0.0 0.0 0.0 0.0 0.0 0.0 
9.61707e-01 9.49135e-01 9.15036e-01 8.38393e-01 6.67202e-01 2.90138e-01 1.28035e-01 7.50541e-02 4.63224e-02 2.19146e-02 7.22504e-03 0.0 0.0 0.0 0.0 0.0 0.0 
3.58340e-01 3.51657e-01 3.34483e-01 2.98572e-01 2.24583e-01 1.01330e-01 3.35216e-02 0.0 0.0 0.0 0.0 0.0 0.0 0.0 0.0 0.0 0.0 
8.11972e-02 7.92790e-02 7.45148e-02 6.49534e-02 4.78524e-02 2.43424e-02 8.30008e-03 0.0 0.0 0.0 0.0 0.0 0.0 0.0 0.0 0.0 0.0 

Z = 11
1.83739e+00 2.21933e+00 2.50943e+00 2.61118e+00 2.56606e+00 2.37906e+00 2.02133e+00 1.58581e+00 1.48068e+00 1.68251e+00 1.80654e+00 1.78282e+00 1.65386e+00 1.41319e+00 9.68306e-01 3.22721e-01 7.28634e-02 
2.18891e+00 2.38597e+00 2.56571e+00 2.63462e+00 2.58701e+00 2.42593e+00 2.16189e+00 1.88107e+00 1.76832e+00 1.81804e+00 1.85433e+00 1.80101e+00 1.65466e+00 1.40064e+00 9.52046e-01 3.15784e-01 7.10082e-02 
2.47576e+00 2.54997e+00 2.63102e+00 2.65829e+00 2.60715e+00 2.47844e+00 2.29668e+00 2.11741e+00 2.00098e+00 1.95042e+00 1.91252e+00 1.82806e+00 1.65181e+00 1.36663e+00 9.10189e-01 2.97905e-01 6.62704e-02 
2.58316e+00 2.61521e+00 2.65003e+00 2.65147e+00 2.59765e+00 2.48833e+00 2.34409e+00 2.19871e+00 2.08075e+00 1.99561e+00 1.92808e+00 1.83476e+00 1.61876e+00 1.27009e+00 8.11852e-01 2.59885e-01 5.68219e-02 
2.53621e+00 2.56508e+00 2.59558e+00 2.59390e+00 2.53944e+00 2.43199e+00 2.29082e+00 2.14716e+00 2.02705e+00 1.93561e+00 1.85978e+00 1.75118e+00 1.48785e+00 1.05479e+00 6.23199e-01 1.91491e-01 4.18500e-02 
2.34069e+00 2.40256e+00 2.46817e+00 2.48510e+00 2.43205e+00 2.30999e+00 2.14017e+00 1.96942e+00 1.84738e+00 1.77479e+00 1.70834e+00 1.58098e+00 1.25537e+00 6.24231e-01 2.89594e-01 1.01033e-01 2.49585e-02 
1.98309e+00 2.14770e+00 2.29413e+00 2.34391e+00 2.29303e+00 2.14500e+00 1.90917e+00 1.65594e+00 1.53629e+00 1.53932e+00 1.50891e+00 1.36625e+00 1.01425e+00 3.84640e-01 1.20763e-01 3.71925e-02 9.83347e-03 
1.57082e+00 1.88785e+00 2.12392e+00 2.19927e+00 2.14924e+00 1.97983e+00 1.66988e+00 1.29398e+00 1.17885e+00 1.29547e+00 1.29788e+00 1.12045e+00 7.79434e-01 2.64976e-01 6.27680e-02 0.0 0.0 
1.45852e+00 1.76774e+00 2.00066e+00 2.07491e+00 2.02251e+00 1.85016e+00 1.54184e+00 1.17135e+00 1.03922e+00 1.11435e+00 1.06532e+00 8.26303e-01 5.28107e-01 1.71071e-01 3.86978e-02 0.0 0.0 
1.62553e+00 1.78400e+00 1.92819e+00 1.97680e+00 1.91865e+00 1.75803e+00 1.51643e+00 1.26058e+00 1.08446e+00 9.78112e-01 8.05365e-01 4.30877e-01 2.19049e-01 8.11262e-02 2.09508e-02 0.0 0.0 
1.73851e+00 1.79919e+00 1.86924e+00 1.89264e+00 1.82564e+00 1.67201e+00 1.46790e+00 1.25831e+00 1.03310e+00 7.77810e-01 5.36246e-01 2.08512e-01 7.38203e-02 2.61793e-02 7.62152e-03 0.0 0.0 
1.71435e+00 1.73668e+00 1.77001e+00 1.78321e+00 1.69605e+00 1.51363e+00 1.29938e+00 1.07797e+00 8.17607e-01 4.22395e-01 2.18999e-01 8.51581e-02 2.44915e-02 0.0 0.0 0.0 0.0 
1.58068e+00 1.58420e+00 1.58797e+00 1.56765e+00 1.43755e+00 1.17474e+00 9.41888e-01 7.40117e-01 5.19868e-01 2.03229e-01 7.26487e-02 2.60436e-02 7.59660e-03 0.0 0.0 0.0 0.0 
1.32289e+00 1.31494e+00 1.29120e+00 1.22498e+00 1.04604e+00 6.05406e-01 3.89575e-01 2.84118e-01 1.87565e-01 7.78752e-02 2.31022e-02 0.0 0.0 0.0 0.0 0.0 0.0 
8.91115e-01 8.79408e-01 8.47712e-01 7.76584e-01 6.17883e-01 2.68598e-01 1.18479e-01 6.94335e-02 4.28497e-02 2.02723e-02 6.68378e-03 0.0 0.0 0.0 0.0 0.0 0.0 
3.32107e-01 3.25894e-01 3.09945e-01 2.76629e-01 2.08043e-01 9.38528e-02 3.10409e-02 0.0 0.0 0.0 0.0 0.0 0.0 0.0 0.0 0.0 0.0 
7.52599e-02 7.34781e-02 6.90560e-02 6.01875e-02 4.43358e-02 2.25529e-02 7.69003e-03 0.0 0.0 0.0 0.0 0.0 0.0 0.0 0.0 0.0 0.0 

Z = 12
1.57972e+00 1.90704e+00 2.15514e+00 2.24270e+00 2.20668e+00 2.05123e+00 1.74972e+00 1.38078e+00 1.29876e+00 1.48454e+00 1.60022e+00 1.58365e+00 1.47206e+00 1.25954e+00 8.63736e-01 2.87960e-01 6.50244e-02 
1.88104e+00 2.04847e+00 2.20039e+00 2.25877e+00 2.22072e+00 2.08888e+00 1.87038e+00 1.63768e+00 1.55034e+00 1.60330e+00 1.64209e+00 1.59953e+00 1.47257e+00 1.24822e+00 8.49152e-01 2.81747e-01 6.33639e-02 
2.12659e+00 2.18706e+00 2.25206e+00 2.27309e+00 2.23213e+00 2.13008e+00 1.98541e+00 1.84303e+00 1.75362e+00 1.71919e+00 1.69304e+00 1.62316e+00 1.46971e+00 1.21767e+00 8.11677e-01 2.65754e-01 5.91281e-02 
2.21912e+00 2.24236e+00 2.26600e+00 2.26355e+00 2.22025e+00 2.13618e+00 2.02564e+00 1.91378e+00 1.82339e+00 1.75867e+00 1.70647e+00 1.62876e+00 1.43993e+00 1.13136e+00 7.23824e-01 2.31792e-01 5.06888e-02 
2.18136e+00 2.20201e+00 2.22209e+00 2.21695e+00 2.17283e+00 2.08985e+00 1.98123e+00 1.87005e+00 1.77699e+00 1.70609e+00 1.64605e+00 1.55437e+00 1.32315e+00 9.39266e-01 5.55458e-01 1.70747e-01 3.73244e-02 
2.01811e+00 2.06860e+00 2.12098e+00 2.13317e+00 2.08975e+00 1.99179e+00 1.85515e+00 1.71763e+00 1.62096e+00 1.56525e+00 1.51240e+00 1.40329e+00 1.11615e+00 5.55577e-01 2.57971e-01 9.00493e-02 2.22532e-02 
1.71621e+00 1.85766e+00 1.98261e+00 2.02482e+00 1.98258e+00 1.85903e+00 1.66072e+00 1.44733e+00 1.35005e+00 1.35902e+00 1.33655e+00 1.21284e+00 9.01634e-01 3.42169e-01 1.07499e-01 3.31309e-02 8.76470e-03 
1.36712e+00 1.64282e+00 1.84773e+00 1.91318e+00 1.87088e+00 1.72604e+00 1.45922e+00 1.13462e+00 1.03838e+00 1.14546e+00 1.15045e+00 9.94886e-01 6.92871e-01 2.35661e-01 5.58406e-02 0.0 0.0 
1.27853e+00 1.54874e+00 1.75204e+00 1.81692e+00 1.77177e+00 1.62243e+00 1.35431e+00 1.03153e+00 9.18085e-01 9.86917e-01 9.45056e-01 7.33916e-01 4.69477e-01 1.52135e-01 3.44205e-02 0.0 0.0 
1.43330e+00 1.57204e+00 1.69817e+00 1.74065e+00 1.68980e+00 1.54934e+00 1.33801e+00 1.11420e+00 9.60294e-01 8.67392e-01 7.14947e-01 3.82746e-01 1.94698e-01 7.21358e-02 1.86337e-02 0.0 0.0 
1.53887e+00 1.59201e+00 1.65334e+00 1.67369e+00 1.61450e+00 1.47911e+00 1.29937e+00 1.11486e+00 9.16214e-01 6.90387e-01 4.76289e-01 1.85249e-01 6.56032e-02 2.32738e-02 6.77786e-03 0.0 0.0 
1.52167e+00 1.54119e+00 1.57033e+00 1.58170e+00 1.50421e+00 1.34244e+00 1.15265e+00 9.56628e-01 7.25901e-01 3.75110e-01 1.94542e-01 7.56650e-02 2.17647e-02 0.0 0.0 0.0 0.0 
1.40582e+00 1.40875e+00 1.41178e+00 1.39336e+00 1.27740e+00 1.04362e+00 8.36685e-01 6.57514e-01 4.61924e-01 1.80569e-01 6.45464e-02 2.31418e-02 6.75117e-03 0.0 0.0 0.0 0.0 
1.17812e+00 1.17091e+00 1.14953e+00 1.09029e+00 9.30726e-01 5.38385e-01 3.46306e-01 2.52534e-01 1.66718e-01 6.92203e-02 2.05340e-02 0.0 0.0 0.0 0.0 0.0 0.0 
7.94260e-01 7.83747e-01 7.55362e-01 6.91817e-01 5.50263e-01 2.39078e-01 1.05389e-01 6.17364e-02 3.80947e-02 1.80236e-02 5.94277e-03 0.0 0.0 0.0 0.0 0.0 0.0 
2.96107e-01 2.90542e-01 2.76280e-01 2.46529e-01 1.85360e-01 8.36007e-02 2.76408e-02 0.0 0.0 0.0 0.0 0.0 0.0 0.0 0.0 0.0 0.0 
6.71115e-02 6.55176e-02 6.15659e-02 5.36493e-02 3.95124e-02 2.00987e-02 6.85341e-03 0.0 0.0 0.0 0.0 0.0 0.0 0.0 0.0 0.0 0.0 

Z = 13
1.27264e+00 1.53283e+00 1.72752e+00 1.79526e+00 1.76947e+00 1.65346e+00 1.42180e+00 1.13444e+00 1.08079e+00 1.24727e+00 1.35251e+00 1.34399e+00 1.25283e+00 1.07396e+00 7.37290e-01 2.45908e-01 5.55400e-02 
1.51254e+00 1.64039e+00 1.75141e+00 1.79027e+00 1.76303e+00 1.67195e+00 1.51483e+00 1.34403e+00 1.28879e+00 1.34586e+00 1.38728e+00 1.35712e+00 1.25303e+00 1.06415e+00 7.24748e-01 2.40575e-01 5.41163e-02 
1.70632e+00 1.74224e+00 1.77032e+00 1.76446e+00 1.73516e+00 1.68332e+00 1.59993e+00 1.51024e+00 1.45628e+00 1.44184e+00 1.42953e+00 1.37667e+00 1.25021e+00 1.03781e+00 6.92600e-01 2.26873e-01 5.04896e-02 
1.77898e+00 1.78031e+00 1.76134e+00 1.71512e+00 1.68416e+00 1.66831e+00 1.62644e+00 1.56676e+00 1.51353e+00 1.47432e+00 1.44038e+00 1.38099e+00 1.22444e+00 9.63918e-01 6.17456e-01 1.97829e-01 4.32730e-02 
1.75160e+00 1.75106e+00 1.72957e+00 1.68144e+00 1.64952e+00 1.63363e+00 1.59229e+00 1.53211e+00 1.47571e+00 1.43053e+00 1.38937e+00 1.31767e+00 1.12474e+00 7.99903e-01 4.73643e-01 1.45680e-01 3.18544e-02 
1.62799e+00 1.65678e+00 1.67576e+00 1.66317e+00 1.63092e+00 1.58006e+00 1.50014e+00 1.41114e+00 1.34820e+00 1.31363e+00 1.27706e+00 1.18958e+00 9.48490e-01 4.72809e-01 2.19808e-01 7.67854e-02 1.89849e-02 
1.39456e+00 1.50409e+00 1.59589e+00 1.62240e+00 1.59010e+00 1.50180e+00 1.35550e+00 1.19440e+00 1.12588e+00 1.14250e+00 1.12948e+00 1.02834e+00 7.66041e-01 2.91001e-01 9.15092e-02 2.82305e-02 7.47433e-03 
1.12256e+00 1.34713e+00 1.51210e+00 1.56355e+00 1.53018e+00 1.41640e+00 1.20360e+00 9.42312e-01 8.69497e-01 9.65297e-01 9.73300e-01 8.43862e-01 5.88663e-01 2.00357e-01 4.74961e-02 0.0 0.0 
1.06298e+00 1.28598e+00 1.45299e+00 1.50593e+00 1.46925e+00 1.34781e+00 1.12849e+00 8.63425e-01 7.72571e-01 8.33833e-01 8.00497e-01 6.22781e-01 3.98900e-01 1.29334e-01 2.92696e-02 0.0 0.0 
1.20309e+00 1.31807e+00 1.42235e+00 1.45727e+00 1.41504e+00 1.29875e+00 1.12378e+00 9.38425e-01 8.11161e-01 7.34338e-01 6.06230e-01 3.24848e-01 1.65392e-01 6.13127e-02 1.58439e-02 0.0 0.0 
1.29943e+00 1.34351e+00 1.39434e+00 1.41099e+00 1.36111e+00 1.24756e+00 1.09704e+00 9.42577e-01 7.75771e-01 5.85292e-01 4.04182e-01 1.57265e-01 5.57173e-02 1.97773e-02 5.76234e-03 0.0 0.0 
1.29012e+00 1.30626e+00 1.33040e+00 1.33959e+00 1.27372e+00 1.13675e+00 9.76353e-01 8.10787e-01 6.15649e-01 3.18253e-01 1.65127e-01 6.42470e-02 1.84850e-02 0.0 0.0 0.0 0.0 
1.19527e+00 1.19751e+00 1.19968e+00 1.18360e+00 1.08473e+00 8.85914e-01 7.10160e-01 5.58165e-01 3.92227e-01 1.53315e-01 5.48025e-02 1.96520e-02 5.73443e-03 0.0 0.0 0.0 0.0 
1.00353e+00 9.97226e-01 9.78735e-01 9.27962e-01 7.91805e-01 4.57695e-01 2.94238e-01 2.14533e-01 1.41636e-01 5.88082e-02 1.74450e-02 0.0 0.0 0.0 0.0 0.0 0.0 
6.77327e-01 6.68271e-01 6.43908e-01 5.89549e-01 4.68720e-01 2.03503e-01 8.96287e-02 5.24740e-02 3.23737e-02 1.53182e-02 5.05129e-03 0.0 0.0 0.0 0.0 0.0 0.0 
2.52626e-01 2.47849e-01 2.35632e-01 2.10198e-01 1.57991e-01 7.12356e-02 2.35425e-02 0.0 0.0 0.0 0.0 0.0 0.0 0.0 0.0 0.0 0.0 
5.72689e-02 5.59030e-02 5.25213e-02 4.57564e-02 3.36912e-02 1.71372e-02 5.84397e-03 0.0 0.0 0.0 0.0 0.0 0.0 0.0 0.0 0.0 0.0 

Z = 14
9.53205e-01 1.14319e+00 1.28153e+00 1.32757e+00 1.31148e+00 1.23576e+00 1.07603e+00 8.72634e-01 8.46250e-01 9.88957e-01 1.08056e+00 1.07920e+00 1.00944e+00 8.67228e-01 5.96136e-01 1.98945e-01 4.49480e-02 
1.12905e+00 1.21445e+00 1.27926e+00 1.29303e+00 1.27609e+00 1.23027e+00 1.13876e+00 1.03167e+00 1.00751e+00 1.06587e+00 1.10771e+00 1.08939e+00 1.00938e+00 8.59146e-01 5.85906e-01 1.94604e-01 4.37905e-02 
1.26869e+00 1.27606e+00 1.25191e+00 1.19362e+00 1.17573e+00 1.19847e+00 1.19029e+00 1.15598e+00 1.13664e+00 1.14048e+00 1.14063e+00 1.10457e+00 1.00672e+00 8.37601e-01 5.59759e-01 1.83477e-01 4.08470e-02 
1.32010e+00 1.29470e+00 1.20236e+00 1.04924e+00 1.03106e+00 1.14522e+00 1.20099e+00 1.19700e+00 1.18042e+00 1.16547e+00 1.14876e+00 1.10760e+00 9.85525e-01 7.77632e-01 4.98846e-01 1.59937e-01 3.49986e-02 
1.30263e+00 1.27608e+00 1.18244e+00 1.02894e+00 1.00975e+00 1.12218e+00 1.17702e+00 1.17158e+00 1.15154e+00 1.13110e+00 1.10805e+00 1.05656e+00 9.04887e-01 6.44970e-01 3.82473e-01 1.17728e-01 2.57541e-02 
1.21914e+00 1.22218e+00 1.19262e+00 1.13033e+00 1.10927e+00 1.12976e+00 1.12075e+00 1.08357e+00 1.05423e+00 1.03987e+00 1.01896e+00 9.53825e-01 7.62794e-01 3.80939e-01 1.77359e-01 6.20128e-02 1.53419e-02 
1.05579e+00 1.13030e+00 1.18352e+00 1.18896e+00 1.16653e+00 1.11858e+00 1.02933e+00 9.23283e-01 8.83608e-01 9.06389e-01 9.02096e-01 8.24724e-01 6.15903e-01 2.34273e-01 7.37581e-02 2.27806e-02 6.03696e-03 
8.62877e-01 1.03271e+00 1.15454e+00 1.19034e+00 1.16601e+00 1.08508e+00 9.29532e-01 7.35201e-01 6.86176e-01 7.68191e-01 7.78427e-01 6.77072e-01 4.73266e-01 1.61232e-01 3.82450e-02 0.0 0.0 
8.31314e-01 1.00371e+00 1.13182e+00 1.17186e+00 1.14399e+00 1.05202e+00 8.84570e-01 6.81013e-01 6.13674e-01 6.65747e-01 6.41174e-01 4.99948e-01 3.20727e-01 1.04066e-01 2.35611e-02 0.0 0.0 
9.52824e-01 1.04230e+00 1.12315e+00 1.14994e+00 1.11691e+00 1.02648e+00 8.90430e-01 7.46271e-01 6.47466e-01 5.87798e-01 4.86205e-01 2.60855e-01 1.32957e-01 4.93238e-02 1.27521e-02 0.0 0.0 
1.03697e+00 1.07134e+00 1.11091e+00 1.12362e+00 1.08389e+00 9.94035e-01 8.75169e-01 7.53254e-01 6.21083e-01 4.69301e-01 3.24469e-01 1.26324e-01 4.47821e-02 1.59060e-02 4.63697e-03 0.0 0.0 
1.03474e+00 1.04728e+00 1.06606e+00 1.07295e+00 1.01995e+00 9.10263e-01 7.82105e-01 6.49932e-01 4.93906e-01 2.55449e-01 1.32614e-01 5.16188e-02 1.48565e-02 0.0 0.0 0.0 0.0 
9.61956e-01 9.63519e-01 9.64865e-01 9.51487e-01 8.71627e-01 7.11572e-01 5.70304e-01 4.48306e-01 3.15117e-01 1.23176e-01 4.40303e-02 1.57921e-02 4.60919e-03 0.0 0.0 0.0 0.0 
8.09430e-01 8.04185e-01 7.88994e-01 7.47729e-01 6.37673e-01 3.68307e-01 2.36612e-01 1.72480e-01 1.13874e-01 4.72836e-02 1.40262e-02 0.0 0.0 0.0 0.0 0.0 0.0 
5.47045e-01 5.39642e-01 5.19813e-01 4.75739e-01 3.78040e-01 1.64009e-01 7.21626e-02 4.22180e-02 2.60401e-02 1.23221e-02 4.06370e-03 0.0 0.0 0.0 0.0 0.0 0.0 
2.04160e-01 2.00271e-01 1.90349e-01 1.69743e-01 1.27531e-01 5.74828e-02 1.89880e-02 0.0 0.0 0.0 0.0 0.0 0.0 0.0 0.0 0.0 0.0 
4.62966e-02 4.51868e-02 4.24435e-02 3.69654e-02 2.72101e-02 1.38396e-02 4.71966e-03 0.0 0.0 0.0 0.0 0.0 0.0 0.0 0.0 0.0 0.0 

Z = 15
6.59074e-01 7.87761e-01 8.79281e-01 9.08863e-01 9.00359e-01 8.55524e-01 7.54243e-01 6.21661e-01 6.13868e-01 7.26859e-01 8.00452e-01 8.03606e-01 7.54296e-01 6.49482e-01 4.46985e-01 1.49176e-01 3.36911e-02 
7.78533e-01 8.32086e-01 8.68171e-01 8.71566e-01 8.62613e-01 8.42750e-01 7.94495e-01 7.34053e-01 7.30009e-01 7.82557e-01 8.20107e-01 8.10938e-01 7.54067e-01 6.43303e-01 4.39240e-01 1.45899e-01 3.28188e-02 
8.71889e-01 8.67128e-01 8.33134e-01 7.78427e-01 7.68963e-01 8.05290e-01 8.24391e-01 8.20807e-01 8.22497e-01 8.36379e-01 8.43889e-01 8.21859e-01 7.51782e-01 6.26945e-01 4.19509e-01 1.37519e-01 3.06050e-02 
9.05904e-01 8.75003e-01 7.85889e-01 6.57634e-01 6.47923e-01 7.55588e-01 8.27257e-01 8.48825e-01 8.53655e-01 8.54219e-01 8.49529e-01 8.23784e-01 7.35627e-01 5.81801e-01 3.73717e-01 1.19832e-01 2.62136e-02 
8.96309e-01 8.64792e-01 7.74983e-01 6.46454e-01 6.35804e-01 7.41738e-01 8.11992e-01 8.31696e-01 8.33271e-01 8.29206e-01 8.19381e-01 7.85607e-01 6.75088e-01 4.82220e-01 2.86349e-01 8.81583e-02 1.92800e-02 
8.45050e-01 8.38034e-01 8.01108e-01 7.43803e-01 7.31372e-01 7.64390e-01 7.80491e-01 7.72252e-01 7.64405e-01 7.63173e-01 7.53809e-01 7.09146e-01 5.68771e-01 2.84439e-01 1.32584e-01 4.63858e-02 1.14777e-02 
7.40090e-01 7.88279e-01 8.18409e-01 8.16592e-01 8.02471e-01 7.77920e-01 7.26707e-01 6.62104e-01 6.42902e-01 6.66602e-01 6.67962e-01 6.13247e-01 4.59071e-01 1.74745e-01 5.50465e-02 1.70162e-02 4.51275e-03 
6.14215e-01 7.33931e-01 8.18270e-01 8.42041e-01 8.25768e-01 7.72067e-01 6.66108e-01 5.31732e-01 5.01796e-01 5.66633e-01 5.77136e-01 5.03640e-01 3.52718e-01 1.20210e-01 2.85111e-02 0.0 0.0 
6.02298e-01 7.26120e-01 8.17498e-01 8.45755e-01 8.26186e-01 7.61552e-01 6.42863e-01 4.97759e-01 4.51645e-01 4.92624e-01 4.76019e-01 3.72013e-01 2.39011e-01 7.75692e-02 1.75575e-02 0.0 0.0 
6.99478e-01 7.64096e-01 8.22269e-01 8.41368e-01 8.17413e-01 7.52180e-01 6.54055e-01 5.50071e-01 4.78970e-01 4.36071e-01 3.61383e-01 1.94048e-01 9.89913e-02 3.67406e-02 9.49964e-03 0.0 0.0 
7.67263e-01 7.92105e-01 8.20675e-01 8.29655e-01 8.00298e-01 7.34329e-01 6.47253e-01 5.58011e-01 4.60883e-01 3.48742e-01 2.41361e-01 9.39669e-02 3.33120e-02 1.18377e-02 3.45253e-03 0.0 0.0 
7.69572e-01 7.78594e-01 7.92137e-01 7.96923e-01 7.57343e-01 6.75855e-01 5.80861e-01 4.82984e-01 3.67252e-01 1.89936e-01 9.86217e-02 3.83911e-02 1.10475e-02 0.0 0.0 0.0 0.0 
7.17946e-01 7.18928e-01 7.19629e-01 7.09321e-01 6.49455e-01 5.29915e-01 4.24589e-01 3.33775e-01 2.34625e-01 9.16497e-02 3.27387e-02 1.17413e-02 3.42709e-03 0.0 0.0 0.0 0.0 
6.05491e-01 6.01445e-01 5.89864e-01 5.58739e-01 4.76153e-01 2.74655e-01 1.76277e-01 1.28455e-01 8.47959e-02 3.51988e-02 1.04354e-02 0.0 0.0 0.0 0.0 0.0 0.0 
4.09723e-01 4.04110e-01 3.89135e-01 3.55981e-01 2.82668e-01 1.22456e-01 5.37907e-02 3.14396e-02 1.93849e-02 9.17276e-03 3.02492e-03 0.0 0.0 0.0 0.0 0.0 0.0 
1.52900e-01 1.49966e-01 1.42497e-01 1.27019e-01 9.53791e-02 4.29607e-02 1.41758e-02 0.0 0.0 0.0 0.0 0.0 0.0 0.0 0.0 0.0 0.0 
3.46551e-02 3.38198e-02 3.17586e-02 2.76495e-02 2.03449e-02 1.03465e-02 3.52808e-03 0.0 0.0 0.0 0.0 0.0 0.0 0.0 0.0 0.0 0.0 

Z = 16
4.03690e-01 4.81751e-01 5.36987e-01 5.55102e-01 5.51443e-01 5.27058e-01 4.68665e-01 3.91000e-01 3.91456e-01 4.68161e-01 5.18906e-01 5.23283e-01 4.92613e-01 4.24865e-01 2.92590e-01 9.75861e-02 2.20094e-02 
4.76143e-01 5.07786e-01 5.28438e-01 5.30112e-01 5.26235e-01 5.17769e-01 4.93168e-01 4.61487e-01 4.65013e-01 5.03619e-01 5.31437e-01 5.27915e-01 4.92346e-01 4.20726e-01 2.87459e-01 9.54230e-02 2.14353e-02 
5.32637e-01 5.27871e-01 5.04692e-01 4.70228e-01 4.66058e-01 4.92802e-01 5.11021e-01 5.15902e-01 5.23629e-01 5.37880e-01 5.46574e-01 5.34791e-01 4.90627e-01 4.09833e-01 2.74420e-01 8.99034e-02 1.99813e-02 
5.53577e-01 5.32285e-01 4.74658e-01 3.94221e-01 3.89793e-01 4.61199e-01 5.12536e-01 5.33615e-01 5.43479e-01 5.49215e-01 5.50034e-01 5.35780e-01 4.79773e-01 3.80054e-01 2.44295e-01 7.82903e-02 1.71046e-02 
5.49172e-01 5.27585e-01 4.69584e-01 3.88889e-01 3.83742e-01 4.53870e-01 5.03961e-01 5.23428e-01 5.30806e-01 5.33225e-01 5.30452e-01 5.10762e-01 4.40019e-01 3.14746e-01 1.87034e-01 5.75556e-02 1.25729e-02 
5.20561e-01 5.14785e-01 4.90149e-01 4.54050e-01 4.47607e-01 4.71459e-01 4.86578e-01 4.87145e-01 4.87542e-01 4.91077e-01 4.88071e-01 4.60936e-01 3.70516e-01 1.85441e-01 8.64941e-02 3.02594e-02 7.48166e-03 
4.59633e-01 4.89129e-01 5.07147e-01 5.05803e-01 4.97964e-01 4.84920e-01 4.56101e-01 4.19208e-01 4.10970e-01 4.29486e-01 4.32660e-01 3.98539e-01 2.98895e-01 1.13802e-01 3.58521e-02 1.10884e-02 2.94048e-03 
3.86030e-01 4.61136e-01 5.13976e-01 5.28957e-01 5.19343e-01 4.86817e-01 4.21667e-01 3.38652e-01 3.22016e-01 3.65776e-01 3.74029e-01 3.27258e-01 2.29525e-01 7.82119e-02 1.85348e-02 0.0 0.0 
3.83687e-01 4.62083e-01 5.19939e-01 5.37905e-01 5.25788e-01 4.85337e-01 4.10692e-01 3.19290e-01 2.91089e-01 3.18631e-01 3.08684e-01 2.41683e-01 1.55453e-01 5.04356e-02 1.14034e-02 0.0 0.0 
4.49967e-01 4.91127e-01 5.28177e-01 5.40332e-01 5.25055e-01 4.83483e-01 4.20969e-01 3.54773e-01 3.09626e-01 2.82456e-01 2.34461e-01 1.25991e-01 6.43238e-02 2.38744e-02 6.16820e-03 0.0 0.0 
4.96719e-01 5.12608e-01 5.30863e-01 5.36510e-01 5.17458e-01 4.74850e-01 4.18707e-01 3.61219e-01 2.98602e-01 2.26135e-01 1.56647e-01 6.09859e-02 2.16240e-02 7.68718e-03 2.24135e-03 0.0 0.0 
5.00429e-01 5.06177e-01 5.14790e-01 5.17668e-01 4.91741e-01 4.38641e-01 3.76905e-01 3.13415e-01 2.38354e-01 1.23228e-01 6.39899e-02 2.49063e-02 7.16339e-03 0.0 0.0 0.0 0.0 
4.68214e-01 4.68762e-01 4.69044e-01 4.62073e-01 4.22799e-01 3.44686e-01 2.76009e-01 2.16923e-01 1.52467e-01 5.95050e-02 2.12403e-02 7.61495e-03 2.22097e-03 0.0 0.0 0.0 0.0 
3.95496e-01 3.92784e-01 3.85091e-01 3.64594e-01 3.10487e-01 1.78853e-01 1.14674e-01 8.35311e-02 5.51261e-02 2.28672e-02 6.77211e-03 0.0 0.0 0.0 0.0 0.0 0.0 
2.67848e-01 2.64138e-01 2.54276e-01 2.32514e-01 1.84519e-01 7.98280e-02 3.50177e-02 2.04558e-02 1.26081e-02 5.96203e-03 1.96380e-03 0.0 0.0 0.0 0.0 0.0 0.0 
9.99752e-02 9.80433e-02 9.31359e-02 8.29888e-02 6.22849e-02 2.80287e-02 9.23702e-03 0.0 0.0 0.0 0.0 0.0 0.0 0.0 0.0 0.0 0.0 
2.26675e-02 2.21186e-02 2.07659e-02 1.80736e-02 1.32925e-02 6.75423e-03 2.30023e-03 0.0 0.0 0.0 0.0 0.0 0.0 0.0 0.0 0.0 0.0 

Z = 17
1.83587e-01 2.20963e-01 2.47601e-01 2.56535e-01 2.55396e-01 2.44644e-01 2.17490e-01 1.81143e-01 1.82912e-01 2.22141e-01 2.48580e-01 2.51767e-01 2.37460e-01 2.04887e-01 1.41026e-01 4.70646e-02 1.06708e-02 
2.18102e-01 2.33413e-01 2.43396e-01 2.44377e-01 2.43156e-01 2.40185e-01 2.29540e-01 2.15495e-01 2.18871e-01 2.39569e-01 2.54656e-01 2.53947e-01 2.37258e-01 2.02828e-01 1.38518e-01 4.60121e-02 1.03910e-02 
2.45405e-01 2.43132e-01 2.31953e-01 2.15491e-01 2.14139e-01 2.28258e-01 2.38512e-01 2.42427e-01 2.47870e-01 2.56444e-01 2.61964e-01 2.57111e-01 2.36244e-01 1.97442e-01 1.32169e-01 4.33305e-02 9.68318e-03 
2.55816e-01 2.45557e-01 2.17812e-01 1.79635e-01 1.78123e-01 2.13365e-01 2.39633e-01 2.51439e-01 2.57857e-01 2.62103e-01 2.63577e-01 2.57330e-01 2.30681e-01 1.82748e-01 1.17460e-01 3.76935e-02 8.28768e-03 
2.54304e-01 2.43933e-01 2.16030e-01 1.77698e-01 1.75806e-01 2.10388e-01 2.35956e-01 2.46860e-01 2.51952e-01 2.54470e-01 2.54088e-01 2.45117e-01 2.11283e-01 1.50927e-01 8.96897e-02 2.76904e-02 6.09650e-03 
2.41367e-01 2.38739e-01 2.26986e-01 2.09745e-01 2.07189e-01 2.19689e-01 2.28116e-01 2.29570e-01 2.31093e-01 2.34112e-01 2.33623e-01 2.21039e-01 1.77768e-01 8.92886e-02 4.18114e-02 1.46329e-02 3.63131e-03 
2.12924e-01 2.27590e-01 2.36651e-01 2.36265e-01 2.32940e-01 2.27318e-01 2.14018e-01 1.96791e-01 1.93864e-01 2.04212e-01 2.06839e-01 1.90971e-01 1.43316e-01 5.47516e-02 1.73893e-02 5.39458e-03 1.43205e-03 
1.78748e-01 2.15530e-01 2.41629e-01 2.49180e-01 2.44875e-01 2.29531e-01 1.98162e-01 1.58188e-01 1.50878e-01 1.73293e-01 1.78478e-01 1.56562e-01 1.09904e-01 3.75152e-02 8.94723e-03 0.0 0.0 
1.79158e-01 2.17648e-01 2.46211e-01 2.55160e-01 2.49520e-01 2.30134e-01 1.93885e-01 1.49538e-01 1.36413e-01 1.50823e-01 1.47102e-01 1.15335e-01 7.42717e-02 2.41770e-02 5.50546e-03 0.0 0.0 
2.13046e-01 2.33444e-01 2.51729e-01 2.57756e-01 2.50469e-01 2.30418e-01 2.00019e-01 1.67729e-01 1.46237e-01 1.33940e-01 1.11652e-01 6.03743e-02 3.09769e-02 1.15006e-02 2.98132e-03 0.0 0.0 
2.37527e-01 2.45344e-01 2.54237e-01 2.56939e-01 2.47707e-01 2.27119e-01 1.99930e-01 1.72075e-01 1.42031e-01 1.07438e-01 7.45405e-02 2.92277e-02 1.04692e-02 3.72734e-03 1.08700e-03 0.0 0.0 
2.40501e-01 2.43246e-01 2.47276e-01 2.48440e-01 2.35752e-01 2.09995e-01 1.80249e-01 1.49731e-01 1.13755e-01 5.89861e-02 3.07383e-02 1.19624e-02 3.45363e-03 0.0 0.0 0.0 0.0 
2.25496e-01 2.25690e-01 2.25658e-01 2.22037e-01 2.02851e-01 1.64917e-01 1.31947e-01 1.03674e-01 7.28319e-02 2.85574e-02 1.02775e-02 3.68534e-03 1.07418e-03 0.0 0.0 0.0 0.0 
1.90415e-01 1.89056e-01 1.85246e-01 1.75208e-01 1.49023e-01 8.60884e-02 5.53204e-02 4.03129e-02 2.66040e-02 1.10141e-02 3.27002e-03 0.0 0.0 0.0 0.0 0.0 0.0 
1.28805e-01 1.26995e-01 1.22206e-01 1.11663e-01 8.85368e-02 3.84999e-02 1.70224e-02 9.97634e-03 6.15297e-03 2.89603e-03 9.52032e-04 0.0 0.0 0.0 0.0 0.0 0.0 
4.85055e-02 4.75598e-02 4.51643e-02 4.02256e-02 3.01768e-02 1.35496e-02 4.47806e-03 0.0 0.0 0.0 0.0 0.0 0.0 0.0 0.0 0.0 0.0 
1.11154e-02 1.08452e-02 1.01806e-02 8.86130e-03 6.51622e-03 3.29266e-03 1.11862e-03 0.0 0.0 0.0 0.0 0.0 0.0 0.0 0.0 0.0 0.0 

Z = 18
3.27103e-02 3.82030e-02 4.26965e-02 4.45152e-02 4.43907e-02 4.23962e-02 3.79270e-02 3.27062e-02 3.31591e-02 3.91302e-02 4.36425e-02 4.43957e-02 4.17523e-02 3.57365e-02 2.49935e-02 9.94996e-03 2.70389e-03 
3.81519e-02 4.03955e-02 4.20984e-02 4.24858e-02 4.23494e-02 4.17668e-02 4.00937e-02 3.82177e-02 3.89791e-02 4.23028e-02 4.48797e-02 4.47924e-02 4.16958e-02 3.53810e-02 2.45717e-02 9.73942e-03 2.63646e-03 
4.26132e-02 4.20517e-02 4.01796e-02 3.77790e-02 3.76198e-02 3.97767e-02 4.16651e-02 4.27084e-02 4.38792e-02 4.53916e-02 4.62598e-02 4.52273e-02 4.13821e-02 3.44091e-02 2.34905e-02 9.21592e-03 2.46948e-03 
4.43775e-02 4.23836e-02 3.77371e-02 3.21183e-02 3.19227e-02 3.72005e-02 4.17821e-02 4.42589e-02 4.56308e-02 4.64420e-02 4.64999e-02 4.48996e-02 4.01494e-02 3.22510e-02 2.13131e-02 8.15132e-03 2.13341e-03 
4.41702e-02 4.21599e-02 3.74860e-02 3.18308e-02 3.15623e-02 3.67230e-02 4.11668e-02 4.34618e-02 4.45780e-02 4.50593e-02 4.47302e-02 4.25604e-02 3.66068e-02 2.71643e-02 1.67611e-02 6.12718e-03 1.58545e-03 
4.20755e-02 4.14630e-02 3.94965e-02 3.69501e-02 3.65646e-02 3.84158e-02 3.99344e-02 4.04714e-02 4.08768e-02 4.13378e-02 4.09651e-02 3.83567e-02 3.08136e-02 1.65025e-02 8.01922e-03 3.24965e-03 9.56348e-04 
3.75146e-02 3.96785e-02 4.12374e-02 4.13770e-02 4.08489e-02 3.97631e-02 3.75383e-02 3.49453e-02 3.44374e-02 3.57902e-02 3.59583e-02 3.29952e-02 2.49085e-02 1.08478e-02 3.80127e-03 1.27219e-03 3.80165e-04 
3.22404e-02 3.76958e-02 4.21150e-02 4.36660e-02 4.29508e-02 4.01109e-02 3.47769e-02 2.86187e-02 2.71956e-02 2.99668e-02 3.06215e-02 2.72227e-02 1.94975e-02 7.89265e-03 2.24605e-03 0.0 0.0 
3.25198e-02 3.82642e-02 4.30759e-02 4.48186e-02 4.38461e-02 4.03001e-02 3.40634e-02 2.70044e-02 2.44962e-02 2.58962e-02 2.50891e-02 2.04801e-02 1.36331e-02 5.23635e-03 1.41091e-03 0.0 0.0 
3.81695e-02 4.13089e-02 4.43534e-02 4.54126e-02 4.41109e-02 4.05364e-02 3.51774e-02 2.95413e-02 2.56714e-02 2.34018e-02 1.94077e-02 1.10339e-02 5.82841e-03 2.50817e-03 7.71246e-04 0.0 0.0 
4.24126e-02 4.36353e-02 4.50020e-02 4.52650e-02 4.35677e-02 3.99369e-02 3.51292e-02 3.00342e-02 2.47392e-02 1.92762e-02 1.34793e-02 5.79111e-03 2.19203e-03 8.52181e-04 2.83357e-04 0.0 0.0 
4.29488e-02 4.33432e-02 4.37894e-02 4.35007e-02 4.12223e-02 3.71272e-02 3.19926e-02 2.65468e-02 2.00998e-02 1.09120e-02 5.75421e-03 2.57219e-03 8.71382e-04 0.0 0.0 0.0 0.0 
4.01033e-02 4.00718e-02 3.98257e-02 3.87124e-02 3.52994e-02 2.96681e-02 2.40090e-02 1.89090e-02 1.32974e-02 5.71270e-03 2.15633e-03 8.45257e-04 2.83474e-04 0.0 0.0 0.0 0.0 
3.39785e-02 3.36746e-02 3.28343e-02 3.09048e-02 2.60754e-02 1.57922e-02 1.03155e-02 7.46387e-03 4.93576e-03 2.36812e-03 8.27216e-04 0.0 0.0 0.0 0.0 0.0 0.0 
2.35050e-02 2.31350e-02 2.21851e-02 2.02336e-02 1.59347e-02 7.53656e-03 3.47159e-03 1.93648e-03 1.16966e-03 6.42799e-04 2.50310e-04 0.0 0.0 0.0 0.0 0.0 0.0 
8.98144e-03 8.79364e-03 8.32812e-03 7.37308e-03 5.52672e-03 2.88605e-03 1.11128e-03 0.0 0.0 0.0 0.0 0.0 0.0 0.0 0.0 0.0 0.0 
2.09361e-03 2.03740e-03 1.90003e-03 1.62870e-03 1.19995e-03 7.26875e-04 2.96273e-04 0.0 0.0 0.0 0.0 0.0 0.0 0.0 0.0 0.0 0.0 

