Z = 0
2.38374e-01	2.63897e-01	2.85095e-01	2.93415e-01	2.87771e-01	2.68530e-01	2.37356e-01	2.02185e-01	1.88509e-01	1.95278e-01	1.98776e-01	1.92401e-01	1.75166e-01	1.46037e-01	1.05006e-01	6.59490e-02	2.33408e-02	
2.63357e-01	2.76766e-01	2.90673e-01	2.96067e-01	2.90140e-01	2.73102e-01	2.47899e-01	2.22679e-01	2.08565e-01	2.05540e-01	2.03167e-01	1.93946e-01	1.74984e-01	1.44748e-01	1.03356e-01	6.45549e-02	2.27709e-02	
2.84288e-01	2.90285e-01	2.97045e-01	2.98740e-01	2.92421e-01	2.78123e-01	2.58684e-01	2.39430e-01	2.25125e-01	2.16098e-01	2.08046e-01	1.95278e-01	1.73481e-01	1.40992e-01	9.90426e-02	6.10703e-02	2.13751e-02	
2.92758e-01	2.95661e-01	2.98612e-01	2.97957e-01	2.91357e-01	2.78761e-01	2.62341e-01	2.45515e-01	2.31083e-01	2.19435e-01	2.08289e-01	1.93324e-01	1.68126e-01	1.32062e-01	8.99991e-02	5.42719e-02	1.87459e-02	
2.87219e-01	2.89821e-01	2.92362e-01	2.91419e-01	2.84786e-01	2.72411e-01	2.56324e-01	2.39684e-01	2.25041e-01	2.12680e-01	2.00295e-01	1.83167e-01	1.54652e-01	1.16700e-01	7.56887e-02	4.36916e-02	1.47536e-02	
2.68013e-01	2.72952e-01	2.78317e-01	2.79068e-01	2.72648e-01	2.59088e-01	2.40814e-01	2.22286e-01	2.07359e-01	1.95974e-01	1.83999e-01	1.65274e-01	1.34925e-01	1.04126e-01	6.31406e-02	3.10928e-02	9.73305e-03	
2.37205e-01	2.48223e-01	2.59356e-01	2.63034e-01	2.56925e-01	2.41239e-01	2.18411e-01	1.95013e-01	1.79839e-01	1.72150e-01	1.62280e-01	1.42817e-01	1.11186e-01	8.00255e-02	4.18262e-02	1.44320e-02	3.75010e-03	
2.02613e-01	2.23607e-01	2.40621e-01	2.46592e-01	2.40644e-01	2.23154e-01	1.95522e-01	1.63903e-01	1.48378e-01	1.47113e-01	1.38857e-01	1.18123e-01	8.72926e-02	5.78691e-02	2.27406e-02			
1.89120e-01	2.09679e-01	2.26514e-01	2.32367e-01	2.26195e-01	2.08387e-01	1.80480e-01	1.48498e-01	1.31102e-01	1.26285e-01	1.14574e-01	9.28153e-02	6.45852e-02	3.98232e-02	1.39953e-02			
1.95703e-01	2.06433e-01	2.17349e-01	2.20719e-01	2.13831e-01	1.96861e-01	1.72556e-01	1.46996e-01	1.26021e-01	1.09249e-01	9.07887e-02	7.34669e-02	4.74922e-02	2.50516e-02	8.25906e-03			
1.99251e-01	2.03956e-01	2.09138e-01	2.09462e-01	2.01301e-01	1.84646e-01	1.62488e-01	1.38728e-01	1.14325e-01	9.05150e-02	6.68475e-02	4.83543e-02	2.68582e-02	1.04382e-02	2.99381e-03			
1.93235e-01	1.94889e-01	1.96353e-01	1.94419e-01	1.84009e-01	1.65637e-01	1.42929e-01	1.18286e-01	9.30845e-02	7.34932e-02	4.85319e-02	2.78644e-02	1.08949e-02					
1.76244e-01	1.76069e-01	1.74607e-01	1.69282e-01	1.55575e-01	1.35236e-01	1.11561e-01	8.79797e-02	6.51971e-02	4.75179e-02	2.68657e-02	1.09238e-02	3.25653e-03					
1.47144e-01	1.45848e-01	1.42129e-01	1.33350e-01	1.18043e-01	1.05072e-01	8.13882e-02	5.95732e-02	4.09578e-02	2.52045e-02	1.03532e-02							
1.06480e-01	1.04807e-01	1.00473e-01	9.14351e-02	7.68650e-02	6.36115e-02	4.24313e-02	2.35100e-02	1.44291e-02	8.26047e-03	2.92821e-03							
6.83692e-02	6.69123e-02	6.32972e-02	5.62111e-02	4.48649e-02	3.11569e-02	1.42917e-02											
2.42226e-02	2.36220e-02	2.21584e-02	1.93744e-02	1.50282e-02	9.57875e-03	3.58675e-03											

Z = 1
8.34674e-02	1.32841e-01	1.53986e-01	1.59921e-01	1.56890e-01	1.45220e-01	1.19988e-01	7.11007e-02	6.57752e-02	9.79695e-02	1.07530e-01	1.05593e-01	9.80440e-02	8.71017e-02	7.54814e-02	1.50009e-01	6.39502e-02	
1.30965e-01	1.46260e-01	1.57516e-01	1.61440e-01	1.58245e-01	1.48131e-01	1.31286e-01	1.10929e-01	1.03643e-01	1.08587e-01	1.10476e-01	1.06764e-01	9.81896e-02	8.64573e-02	7.42629e-02	1.46728e-01	6.23721e-02	
1.52737e-01	1.56994e-01	1.61623e-01	1.62995e-01	1.59575e-01	1.51412e-01	1.40031e-01	1.28743e-01	1.21029e-01	1.17137e-01	1.14198e-01	1.09114e-01	9.87343e-02	8.45023e-02	7.09315e-02	1.38431e-01	5.84653e-02	
1.59148e-01	1.60920e-01	1.62808e-01	1.62638e-01	1.59056e-01	1.52044e-01	1.42869e-01	1.33565e-01	1.25787e-01	1.19916e-01	1.15708e-01	1.13736e-01	1.00808e-01	7.98660e-02	6.41456e-02	1.22293e-01	5.10489e-02	
1.56187e-01	1.57780e-01	1.59422e-01	1.59081e-01	1.55483e-01	1.48610e-01	1.39647e-01	1.30478e-01	1.22619e-01	1.16432e-01	1.11851e-01	1.09411e-01	9.69378e-02	8.77682e-02	6.63931e-02	1.00109e-01	3.98023e-02	
1.44222e-01	1.47762e-01	1.51500e-01	1.52298e-01	1.48828e-01	1.41144e-01	1.30559e-01	1.19877e-01	1.11969e-01	1.06938e-01	1.02911e-01	9.89274e-02	9.71022e-02	2.15151e-01	1.49286e-01	8.00310e-02	2.55528e-02	
1.18545e-01	1.31446e-01	1.40649e-01	1.43490e-01	1.40209e-01	1.31016e-01	1.16083e-01	9.79956e-02	9.05826e-02	9.29523e-02	9.15212e-02	8.57196e-02	8.21003e-02	1.88662e-01	1.16077e-01	3.86877e-02	9.70005e-03	
7.12869e-02	1.12746e-01	1.30069e-01	1.34501e-01	1.31332e-01	1.20923e-01	9.93577e-02	5.83773e-02	5.30733e-02	7.93812e-02	8.20780e-02	7.13566e-02	6.34052e-02	1.33560e-01	6.27787e-02			
6.59589e-02	1.05500e-01	1.22460e-01	1.26848e-01	1.23588e-01	1.13082e-01	9.19300e-02	5.31016e-02	4.70327e-02	6.89458e-02	7.05775e-02	6.84951e-02	5.60477e-02	9.19046e-02	3.79333e-02			
9.69095e-02	1.09073e-01	1.18102e-01	1.20943e-01	1.17378e-01	1.07663e-01	9.30664e-02	7.82484e-02	6.77285e-02	6.31900e-02	6.44796e-02	1.49816e-01	1.10650e-01	6.46283e-02	2.18214e-02			
1.07148e-01	1.10644e-01	1.14795e-01	1.16637e-01	1.12626e-01	1.03173e-01	9.12231e-02	8.14936e-02	6.99129e-02	6.63965e-02	5.89223e-02	1.15696e-01	7.42092e-02	2.80840e-02	7.80901e-03			
1.05786e-01	1.07026e-01	1.09437e-01	1.14321e-01	1.09539e-01	9.83709e-02	8.50263e-02	7.11315e-02	6.62168e-02	1.49546e-01	1.13068e-01	7.29005e-02	2.94452e-02					
9.83023e-02	9.84561e-02	9.90540e-02	1.01543e-01	9.73804e-02	1.00199e-01	8.48534e-02	6.61526e-02	5.66754e-02	1.13609e-01	7.41977e-02	2.93829e-02	8.48561e-03					
8.69453e-02	8.63504e-02	8.47366e-02	8.07231e-02	8.56756e-02	2.16684e-01	1.88126e-01	1.34358e-01	9.25571e-02	6.60826e-02	2.81193e-02							
7.90357e-02	7.78068e-02	7.46049e-02	6.79130e-02	6.76007e-02	1.55155e-01	1.19124e-01	6.52197e-02	3.96074e-02	2.24388e-02	7.70763e-03							
1.53316e-01	1.50104e-01	1.42038e-01	1.25827e-01	1.01538e-01	8.26062e-02	3.93549e-02											
6.79003e-02	6.62760e-02	6.22584e-02	5.43312e-02	4.15037e-02	2.61345e-02	9.45581e-03											

Z = 2
1.36514e-01	2.21598e-01	2.58058e-01	2.68390e-01	2.63329e-01	2.43448e-01	2.00287e-01	1.16372e-01	1.07601e-01	1.63509e-01	1.80452e-01	1.77699e-01	1.65438e-01	1.47553e-01	1.29810e-01	2.77244e-01	1.18941e-01	
2.18453e-01	2.44635e-01	2.64092e-01	2.70968e-01	2.65630e-01	2.48430e-01	2.19698e-01	1.85131e-01	1.72962e-01	1.81774e-01	1.85545e-01	1.79760e-01	1.65749e-01	1.46505e-01	1.27723e-01	2.71192e-01	1.16012e-01	
2.55761e-01	2.63099e-01	2.71145e-01	2.73621e-01	2.67900e-01	2.54076e-01	2.34764e-01	2.15689e-01	2.02800e-01	1.96545e-01	1.92053e-01	1.83966e-01	1.66873e-01	1.43283e-01	1.21992e-01	2.55862e-01	1.08748e-01	
2.66838e-01	2.69924e-01	2.73239e-01	2.73057e-01	2.67063e-01	2.55231e-01	2.39734e-01	2.24062e-01	2.11079e-01	2.01468e-01	1.94871e-01	1.92480e-01	1.70993e-01	1.35458e-01	1.10211e-01	2.25935e-01	9.49146e-02	
2.61902e-01	2.64681e-01	2.67575e-01	2.67100e-01	2.61081e-01	2.49490e-01	2.34363e-01	2.18934e-01	2.05833e-01	1.95714e-01	1.88534e-01	1.85397e-01	1.64957e-01	1.51341e-01	1.15523e-01	1.84805e-01	7.39125e-02	
2.41587e-01	2.47698e-01	2.54214e-01	2.55708e-01	2.49909e-01	2.36917e-01	2.18992e-01	2.00988e-01	1.87828e-01	1.79718e-01	1.73531e-01	1.67651e-01	1.67350e-01	3.97834e-01	2.77208e-01	1.48448e-01	4.73132e-02	
1.97866e-01	2.19961e-01	2.35893e-01	2.40915e-01	2.35443e-01	2.19848e-01	1.94434e-01	1.63793e-01	1.51511e-01	1.56106e-01	1.54409e-01	1.45323e-01	1.41739e-01	3.50103e-01	2.16478e-01	7.18054e-02	1.79134e-02	
1.16680e-01	1.88178e-01	2.18081e-01	2.25846e-01	2.20573e-01	2.02896e-01	1.66078e-01	9.57678e-02	8.71584e-02	1.33447e-01	1.38886e-01	1.20974e-01	1.09181e-01	2.47110e-01	1.16797e-01			
1.07902e-01	1.76082e-01	2.05375e-01	2.13080e-01	2.07670e-01	1.89849e-01	1.53774e-01	8.71951e-02	7.73136e-02	1.16041e-01	1.19776e-01	1.17838e-01	9.74479e-02	1.69763e-01	7.04681e-02			
1.61724e-01	1.82591e-01	1.98269e-01	2.03344e-01	1.97444e-01	1.81021e-01	1.56297e-01	1.31521e-01	1.13973e-01	1.06607e-01	1.10848e-01	2.76649e-01	2.05246e-01	1.19879e-01	4.04278e-02			
1.79653e-01	1.85732e-01	1.93053e-01	1.96473e-01	1.89864e-01	1.73929e-01	1.53797e-01	1.37758e-01	1.18534e-01	1.14061e-01	1.02573e-01	2.14463e-01	1.38279e-01	5.21138e-02	1.44319e-02			
1.77821e-01	1.80052e-01	1.84440e-01	1.93436e-01	1.85562e-01	1.66569e-01	1.43959e-01	1.20434e-01	1.13838e-01	2.76033e-01	2.09651e-01	1.35245e-01	5.45865e-02					
1.65658e-01	1.66019e-01	1.67304e-01	1.72191e-01	1.65664e-01	1.72530e-01	1.46261e-01	1.13803e-01	9.85555e-02	2.10598e-01	1.38244e-01	5.44999e-02	1.56707e-02					
1.47086e-01	1.46156e-01	1.43593e-01	1.36930e-01	1.47812e-01	4.00734e-01	3.49243e-01	2.48990e-01	1.71380e-01	1.22629e-01	5.21543e-02							
1.35833e-01	1.33760e-01	1.28322e-01	1.16805e-01	1.17847e-01	2.88258e-01	2.22386e-01	1.21721e-01	7.38815e-02	4.16559e-02	1.42510e-02							
2.83990e-01	2.78101e-01	2.63248e-01	2.33239e-01	1.88187e-01	1.53485e-01	7.31073e-02											
1.26828e-01	1.23822e-01	1.16360e-01	1.01567e-01	7.75239e-02	4.85540e-02	1.74915e-02											

Z = 3
1.98029e-01	3.21099e-01	3.73840e-01	3.88800e-01	3.81483e-01	3.52714e-01	2.90271e-01	1.68860e-01	1.56165e-01	2.37088e-01	2.61640e-01	2.57698e-01	2.39980e-01	2.14099e-01	1.88376e-01	4.01343e-01	1.72138e-01	
3.16569e-01	3.54437e-01	3.82585e-01	3.92548e-01	3.84830e-01	3.59937e-01	3.18368e-01	2.68364e-01	2.50768e-01	2.63539e-01	2.69029e-01	2.60698e-01	2.40442e-01	2.12588e-01	1.85357e-01	3.92604e-01	1.67910e-01	
3.70544e-01	3.81160e-01	3.92812e-01	3.96411e-01	3.88138e-01	3.68129e-01	3.40182e-01	3.12593e-01	2.93961e-01	2.84937e-01	2.78478e-01	2.66816e-01	2.42090e-01	2.07935e-01	1.77064e-01	3.70460e-01	1.57414e-01	
3.86567e-01	3.91045e-01	3.95860e-01	3.95612e-01	3.86945e-01	3.69819e-01	3.47387e-01	3.24713e-01	3.05949e-01	2.92081e-01	2.82584e-01	2.79166e-01	2.48081e-01	1.96629e-01	1.60015e-01	3.27200e-01	1.37409e-01	
3.79429e-01	3.83462e-01	3.87668e-01	3.86998e-01	3.78294e-01	3.61517e-01	3.39622e-01	3.17300e-01	2.98364e-01	2.83761e-01	2.73419e-01	2.68925e-01	2.39361e-01	2.19632e-01	1.67685e-01	2.67662e-01	1.07008e-01	
3.50043e-01	3.58886e-01	3.68327e-01	3.70507e-01	3.62122e-01	3.43317e-01	3.17377e-01	2.91335e-01	2.72312e-01	2.60603e-01	2.51687e-01	2.43227e-01	2.42804e-01	5.75888e-01	4.01266e-01	2.14909e-01	6.84956e-02	
2.86783e-01	3.18748e-01	3.41806e-01	3.49091e-01	3.41180e-01	3.18609e-01	2.81834e-01	2.37498e-01	2.19737e-01	2.26411e-01	2.23980e-01	2.10866e-01	2.05677e-01	5.06747e-01	3.13256e-01	1.03922e-01	2.59294e-02	
1.69305e-01	2.72757e-01	3.16032e-01	3.27285e-01	3.19663e-01	2.94080e-01	2.40795e-01	1.39024e-01	1.26559e-01	1.93593e-01	2.01483e-01	1.75575e-01	1.58484e-01	3.57780e-01	1.69047e-01			
1.56600e-01	2.55267e-01	2.97665e-01	3.08833e-01	3.01013e-01	2.75220e-01	2.23003e-01	1.26613e-01	1.12297e-01	1.68387e-01	1.73801e-01	1.70997e-01	1.41430e-01	2.45831e-01	1.02006e-01			
2.34520e-01	2.64720e-01	2.87420e-01	2.94786e-01	2.86258e-01	2.62481e-01	2.26689e-01	1.90819e-01	1.65408e-01	1.54743e-01	1.60855e-01	4.00446e-01	2.97066e-01	1.73524e-01	5.85194e-02			
2.60502e-01	2.69306e-01	2.79922e-01	2.84897e-01	2.75343e-01	2.52267e-01	2.23105e-01	1.99869e-01	1.72022e-01	1.65525e-01	1.48834e-01	3.10396e-01	2.00056e-01	7.54078e-02	2.08868e-02			
2.57879e-01	2.61123e-01	2.67500e-01	2.80548e-01	2.69167e-01	2.41672e-01	2.08905e-01	1.74802e-01	1.65198e-01	3.99559e-01	3.03417e-01	1.95715e-01	7.89822e-02					
2.40298e-01	2.40834e-01	2.42714e-01	2.49813e-01	2.40383e-01	2.50322e-01	2.12229e-01	1.65167e-01	1.43014e-01	3.04801e-01	1.99995e-01	7.88501e-02	2.26743e-02					
2.13425e-01	2.12086e-01	2.08383e-01	1.98753e-01	2.14496e-01	5.80024e-01	5.05374e-01	3.60332e-01	2.48044e-01	1.77458e-01	7.54617e-02							
1.97076e-01	1.94079e-01	1.86208e-01	1.69537e-01	1.71016e-01	4.17191e-01	3.21704e-01	1.76060e-01	1.06864e-01	6.02639e-02	2.06200e-02							
4.10854e-01	4.02355e-01	3.80911e-01	3.37554e-01	2.72402e-01	2.22127e-01	1.05780e-01											
1.83382e-01	1.79045e-01	1.68272e-01	1.46899e-01	1.12142e-01	7.02525e-02	2.53118e-02											

Z = 4
2.51722e-01	4.08181e-01	4.75240e-01	4.94270e-01	4.84985e-01	4.48434e-01	3.69064e-01	2.14710e-01	1.98599e-01	3.01566e-01	3.32840e-01	3.27863e-01	3.05358e-01	2.72455e-01	2.39744e-01	5.10870e-01	2.19129e-01	
4.02419e-01	4.50569e-01	4.86362e-01	4.99040e-01	4.89246e-01	4.57624e-01	4.04800e-01	3.41250e-01	3.18919e-01	3.35212e-01	3.42241e-01	3.31683e-01	3.05948e-01	2.70535e-01	2.35904e-01	4.99754e-01	2.13750e-01	
4.71050e-01	4.84552e-01	4.99373e-01	5.03961e-01	4.93464e-01	4.68051e-01	4.32551e-01	3.97509e-01	3.73862e-01	3.62435e-01	3.54266e-01	3.39473e-01	3.08052e-01	2.64619e-01	2.25355e-01	4.71578e-01	2.00394e-01	
4.91434e-01	4.97131e-01	5.03262e-01	5.02962e-01	4.91964e-01	4.70215e-01	4.41727e-01	4.12936e-01	3.89120e-01	3.71530e-01	3.59498e-01	3.55194e-01	3.15682e-01	2.50236e-01	2.03660e-01	4.16522e-01	1.74934e-01	
4.82378e-01	4.87510e-01	4.92867e-01	4.92030e-01	4.80984e-01	4.59678e-01	4.31870e-01	4.03523e-01	3.79485e-01	3.60957e-01	3.47850e-01	3.42175e-01	3.04595e-01	2.79519e-01	2.13429e-01	3.40742e-01	1.36237e-01	
4.45037e-01	4.56288e-01	4.68304e-01	4.71089e-01	4.60447e-01	4.36558e-01	4.03600e-01	3.70516e-01	3.46362e-01	3.31515e-01	3.20216e-01	3.09489e-01	3.08987e-01	7.33001e-01	5.10792e-01	2.73597e-01	8.72073e-02	
3.64625e-01	4.05283e-01	4.34616e-01	4.43892e-01	4.33848e-01	4.05166e-01	3.58419e-01	3.02056e-01	2.79501e-01	2.88036e-01	2.84982e-01	2.68325e-01	2.61748e-01	6.45014e-01	3.98766e-01	1.32302e-01	3.30136e-02	
2.15275e-01	3.46838e-01	4.01882e-01	4.16203e-01	4.06524e-01	3.74006e-01	3.06251e-01	1.76822e-01	1.60990e-01	2.46304e-01	2.56376e-01	2.23429e-01	2.01697e-01	4.55413e-01	2.15193e-01			
1.99152e-01	3.24641e-01	3.78571e-01	3.92783e-01	3.82850e-01	3.50060e-01	2.83657e-01	1.61059e-01	1.42867e-01	2.14257e-01	2.21168e-01	2.17619e-01	1.80003e-01	3.12929e-01	1.29857e-01			
2.98296e-01	3.36713e-01	3.65590e-01	3.74966e-01	3.64131e-01	3.33903e-01	2.88389e-01	2.42773e-01	2.10464e-01	1.96914e-01	2.04709e-01	5.09703e-01	3.78144e-01	2.20899e-01	7.45004e-02			
3.31390e-01	3.42592e-01	3.56100e-01	3.62437e-01	3.50294e-01	3.20952e-01	2.83868e-01	2.54321e-01	2.18904e-01	2.10654e-01	1.89423e-01	3.95104e-01	2.54670e-01	9.59988e-02	2.65916e-02			
3.28093e-01	3.32222e-01	3.40340e-01	3.56948e-01	3.42479e-01	3.07506e-01	2.65827e-01	2.22445e-01	2.10239e-01	5.08575e-01	3.86226e-01	2.49140e-01	1.00546e-01					
3.05759e-01	3.06444e-01	3.08842e-01	3.17882e-01	3.05891e-01	3.18551e-01	2.70087e-01	2.10203e-01	1.82019e-01	3.87985e-01	2.54592e-01	1.00379e-01	2.88661e-02					
2.71589e-01	2.69889e-01	2.65182e-01	2.52933e-01	2.72974e-01	7.38251e-01	6.43264e-01	4.58665e-01	3.15746e-01	2.25902e-01	9.60645e-02							
2.50810e-01	2.46998e-01	2.36986e-01	2.15775e-01	2.17660e-01	5.31040e-01	4.09509e-01	2.24118e-01	1.36040e-01	7.67190e-02	2.62508e-02							
5.22963e-01	5.12152e-01	4.84867e-01	4.29690e-01	3.46763e-01	2.82768e-01	1.34659e-01											
2.33433e-01	2.27916e-01	2.14207e-01	1.87006e-01	1.42765e-01	8.94378e-02	3.22247e-02											

Z = 5
2.96331e-01	4.80524e-01	5.59478e-01	5.81901e-01	5.70998e-01	5.27996e-01	4.34580e-01	2.52856e-01	2.33922e-01	3.55254e-01	3.92137e-01	3.86310e-01	3.59820e-01	3.21067e-01	2.82534e-01	6.02063e-01	2.58249e-01	
4.73741e-01	5.30429e-01	5.72579e-01	5.87525e-01	5.76023e-01	5.38826e-01	4.76670e-01	4.01886e-01	3.75641e-01	3.94886e-01	4.03212e-01	3.90810e-01	3.60515e-01	3.18804e-01	2.78009e-01	5.88963e-01	2.51909e-01	
5.54546e-01	5.70448e-01	5.87910e-01	5.93334e-01	5.81004e-01	5.51120e-01	5.09364e-01	4.68151e-01	4.40358e-01	4.26953e-01	4.17378e-01	3.99988e-01	3.62993e-01	3.11832e-01	2.65577e-01	5.55757e-01	2.36170e-01	
5.78563e-01	5.85278e-01	5.92511e-01	5.92180e-01	5.79260e-01	5.53689e-01	5.20187e-01	4.86332e-01	4.58337e-01	4.37671e-01	4.23544e-01	4.18514e-01	3.71984e-01	2.94882e-01	2.40008e-01	4.90873e-01	2.06164e-01	
5.67928e-01	5.73979e-01	5.80302e-01	5.79339e-01	5.66361e-01	5.41306e-01	5.08599e-01	4.75261e-01	4.47000e-01	4.25225e-01	4.09826e-01	4.03175e-01	3.58920e-01	3.29390e-01	2.51520e-01	4.01565e-01	1.60558e-01	
5.23996e-01	5.37253e-01	5.51418e-01	5.54718e-01	5.42212e-01	5.14109e-01	4.75328e-01	4.36403e-01	4.07997e-01	3.90551e-01	3.77276e-01	3.64666e-01	3.64100e-01	8.63775e-01	6.01944e-01	3.22433e-01	1.02776e-01	
4.29353e-01	4.77239e-01	5.11795e-01	5.22736e-01	5.10929e-01	4.77173e-01	4.22142e-01	3.55786e-01	3.29253e-01	3.39342e-01	3.35773e-01	3.16168e-01	3.08438e-01	7.60091e-01	4.69925e-01	1.55917e-01	3.89075e-02	
2.53520e-01	4.08466e-01	4.73301e-01	4.90180e-01	4.78796e-01	4.40514e-01	3.60728e-01	2.08290e-01	1.89659e-01	2.90194e-01	3.02078e-01	2.63272e-01	2.37677e-01	5.36664e-01	2.53591e-01			
2.34573e-01	3.82380e-01	4.45904e-01	4.62651e-01	4.50963e-01	4.12353e-01	3.34149e-01	1.89741e-01	1.68323e-01	2.52450e-01	2.60604e-01	2.56433e-01	2.12116e-01	3.68761e-01	1.53028e-01			
3.51402e-01	3.96653e-01	4.30670e-01	4.41718e-01	4.28961e-01	3.93362e-01	3.39757e-01	2.86033e-01	2.47981e-01	2.32024e-01	2.41220e-01	6.00622e-01	4.45607e-01	2.60314e-01	8.77948e-02			
3.90428e-01	4.03624e-01	4.19538e-01	4.27006e-01	4.12705e-01	3.78142e-01	3.34458e-01	2.99657e-01	2.57936e-01	2.48225e-01	2.23214e-01	4.65591e-01	3.00109e-01	1.13129e-01	3.13372e-02			
3.86579e-01	3.91442e-01	4.01008e-01	4.20578e-01	4.03532e-01	3.62328e-01	3.13223e-01	2.62111e-01	2.47736e-01	5.99292e-01	4.55128e-01	2.93593e-01	1.18488e-01					
3.60290e-01	3.61097e-01	3.63921e-01	3.74573e-01	3.60445e-01	3.75368e-01	3.18262e-01	2.47700e-01	2.14492e-01	4.57204e-01	3.00017e-01	1.18291e-01	3.40174e-02					
3.20045e-01	3.18041e-01	3.12494e-01	2.98058e-01	3.21676e-01	8.69957e-01	7.58025e-01	5.40495e-01	3.72081e-01	2.66210e-01	1.13207e-01							
2.95574e-01	2.91082e-01	2.79282e-01	2.54284e-01	2.56505e-01	6.25803e-01	4.82583e-01	2.64109e-01	1.60315e-01	9.04099e-02	3.09357e-02							
6.16313e-01	6.03572e-01	5.71416e-01	5.06388e-01	4.08658e-01	3.33240e-01	1.58694e-01											
2.75107e-01	2.68604e-01	2.52448e-01	2.20391e-01	1.68251e-01	1.05405e-01	3.79778e-02											

Z = 6
3.30197e-01	5.35449e-01	6.23450e-01	6.48470e-01	6.36363e-01	5.88491e-01	4.84426e-01	2.81906e-01	2.60858e-01	3.96239e-01	4.37439e-01	4.30988e-01	4.01472e-01	3.58258e-01	3.15277e-01	6.71856e-01	2.88190e-01	
5.27892e-01	5.91069e-01	6.38060e-01	6.54750e-01	6.41976e-01	6.00577e-01	5.31362e-01	4.48071e-01	4.18894e-01	4.40438e-01	4.49790e-01	4.36007e-01	4.02246e-01	3.55731e-01	3.10226e-01	6.57235e-01	2.81114e-01	
6.17954e-01	6.35686e-01	6.55169e-01	6.61249e-01	6.47554e-01	6.14305e-01	5.67831e-01	5.21969e-01	4.91067e-01	4.76201e-01	4.65590e-01	4.46244e-01	4.05008e-01	3.47948e-01	2.96351e-01	6.20175e-01	2.63548e-01	
6.44750e-01	6.52246e-01	6.60332e-01	6.59999e-01	6.45646e-01	6.17202e-01	5.79925e-01	5.42260e-01	5.11126e-01	4.88158e-01	4.72469e-01	4.66910e-01	4.15036e-01	3.29032e-01	2.67817e-01	5.47765e-01	2.30061e-01	
6.32942e-01	6.39700e-01	6.46773e-01	6.45735e-01	6.31313e-01	6.03437e-01	5.67037e-01	5.29938e-01	4.98498e-01	4.74284e-01	4.57170e-01	4.49799e-01	4.00458e-01	3.67531e-01	2.80657e-01	4.48100e-01	1.79168e-01	
5.84033e-01	5.98824e-01	6.14638e-01	6.18350e-01	6.04447e-01	5.73162e-01	5.29976e-01	4.86633e-01	4.55019e-01	4.35623e-01	4.20867e-01	4.06838e-01	4.06237e-01	9.63789e-01	6.71665e-01	3.59792e-01	1.14687e-01	
4.78599e-01	5.31997e-01	5.70543e-01	5.82768e-01	5.69636e-01	5.32033e-01	4.70711e-01	3.96759e-01	3.67219e-01	3.78521e-01	3.74578e-01	3.52734e-01	3.44132e-01	8.48089e-01	5.24345e-01	1.73980e-01	4.34163e-02	
2.82647e-01	4.55408e-01	5.27711e-01	5.46550e-01	5.33880e-01	4.91217e-01	4.02270e-01	2.32296e-01	2.11544e-01	3.23716e-01	3.37000e-01	2.93725e-01	2.65183e-01	5.98790e-01	2.82953e-01			
2.61585e-01	4.26409e-01	4.97251e-01	5.15938e-01	5.02918e-01	4.59877e-01	3.72679e-01	2.11636e-01	1.87764e-01	2.81629e-01	2.90742e-01	2.86101e-01	2.36665e-01	4.11449e-01	1.70744e-01			
3.91943e-01	4.42408e-01	4.80345e-01	4.92671e-01	4.78452e-01	4.38758e-01	3.78983e-01	3.19075e-01	2.76643e-01	2.58855e-01	2.69124e-01	6.70123e-01	4.97180e-01	2.90448e-01	9.79591e-02			
4.35532e-01	4.50249e-01	4.67998e-01	4.76329e-01	4.60380e-01	4.21831e-01	3.73110e-01	3.34298e-01	2.87765e-01	2.76940e-01	2.49042e-01	5.19473e-01	3.34844e-01	1.26225e-01	3.49652e-02			
4.31289e-01	4.36712e-01	4.47381e-01	4.69212e-01	4.50195e-01	4.04227e-01	3.49447e-01	2.92430e-01	2.76397e-01	6.68639e-01	5.07800e-01	3.27573e-01	1.32203e-01					
4.01997e-01	4.02895e-01	4.06043e-01	4.17924e-01	4.02158e-01	4.18808e-01	3.55093e-01	2.76365e-01	2.39315e-01	5.10120e-01	3.34741e-01	1.31982e-01	3.79551e-02					
3.57117e-01	3.54879e-01	3.48686e-01	3.32574e-01	3.58923e-01	9.70683e-01	8.45782e-01	6.03064e-01	4.15154e-01	2.97027e-01	1.26312e-01							
3.29827e-01	3.24813e-01	3.11644e-01	2.83746e-01	2.86220e-01	6.98285e-01	5.38467e-01	2.94688e-01	1.78875e-01	1.00877e-01	3.45174e-02							
6.87758e-01	6.73537e-01	6.37649e-01	5.65078e-01	4.56016e-01	3.71850e-01	1.77078e-01											
3.07002e-01	2.99744e-01	2.81713e-01	2.45938e-01	1.87752e-01	1.17620e-01	4.23790e-02											

Z = 7
3.52027e-01	5.70866e-01	6.64722e-01	6.91455e-01	6.78619e-01	6.27658e-01	5.16759e-01	3.00802e-01	2.78446e-01	4.23085e-01	4.67180e-01	4.60374e-01	4.28907e-01	3.82779e-01	3.36883e-01	7.17929e-01	3.07958e-01	
5.62809e-01	6.30182e-01	6.80320e-01	6.98173e-01	6.84629e-01	6.40572e-01	5.66856e-01	4.78126e-01	4.47135e-01	4.70268e-01	4.80365e-01	4.65731e-01	4.29731e-01	3.80077e-01	3.31483e-01	7.02300e-01	3.00395e-01	
6.58864e-01	6.77789e-01	6.98602e-01	7.05145e-01	6.90621e-01	6.55258e-01	6.05803e-01	5.57010e-01	5.24179e-01	5.08448e-01	4.97234e-01	4.76660e-01	4.32675e-01	3.71756e-01	3.16653e-01	6.62691e-01	2.81621e-01	
6.87489e-01	6.95503e-01	7.04168e-01	7.03874e-01	6.88646e-01	6.58403e-01	6.18752e-01	5.78695e-01	5.45607e-01	5.21220e-01	5.04580e-01	4.98732e-01	4.43381e-01	3.51538e-01	2.86159e-01	5.85307e-01	2.45834e-01	
6.74972e-01	6.82202e-01	6.89788e-01	6.88741e-01	6.73432e-01	6.43784e-01	6.05052e-01	5.65582e-01	5.32150e-01	5.06419e-01	4.88247e-01	4.80453e-01	4.27803e-01	3.92663e-01	2.99870e-01	4.78801e-01	1.91448e-01	
6.22902e-01	6.38704e-01	6.55615e-01	6.59630e-01	6.44862e-01	6.11558e-01	5.65561e-01	5.19403e-01	4.85764e-01	4.65157e-01	4.49486e-01	4.34565e-01	4.33974e-01	1.02967e+00	7.17621e-01	3.84432e-01	1.22545e-01	
5.10543e-01	5.67535e-01	6.08699e-01	6.21788e-01	6.07827e-01	5.67758e-01	5.02375e-01	4.23513e-01	3.92061e-01	4.04209e-01	4.00063e-01	3.76778e-01	3.67627e-01	9.06048e-01	5.60205e-01	1.85890e-01	4.63907e-02	
3.01592e-01	4.85958e-01	5.63139e-01	5.83276e-01	5.69791e-01	5.24297e-01	4.29397e-01	2.47991e-01	2.25881e-01	3.45715e-01	3.59944e-01	3.13752e-01	2.83286e-01	6.39699e-01	3.02293e-01			
2.79223e-01	4.55157e-01	5.30781e-01	5.50743e-01	5.36868e-01	4.90950e-01	3.97891e-01	2.25980e-01	2.00520e-01	3.00794e-01	3.10553e-01	3.05617e-01	2.52822e-01	4.39555e-01	1.82411e-01			
4.18500e-01	4.72372e-01	5.12872e-01	5.26037e-01	5.10868e-01	4.68504e-01	4.04702e-01	3.40759e-01	2.95470e-01	2.76490e-01	2.87476e-01	7.15852e-01	5.31126e-01	3.10288e-01	1.04653e-01			
4.65145e-01	4.80856e-01	4.99805e-01	5.08701e-01	4.91673e-01	4.50514e-01	3.98494e-01	3.57058e-01	3.07373e-01	2.95825e-01	2.66035e-01	5.54932e-01	3.57708e-01	1.34847e-01	3.73544e-02			
4.60696e-01	4.66485e-01	4.77875e-01	5.01190e-01	4.80874e-01	4.31774e-01	3.73266e-01	3.12368e-01	2.95251e-01	7.14268e-01	5.42462e-01	3.49939e-01	1.41231e-01					
4.29467e-01	4.30423e-01	4.33780e-01	4.46465e-01	4.29617e-01	4.47403e-01	3.79334e-01	2.95232e-01	2.55654e-01	5.44948e-01	3.57598e-01	1.40995e-01	4.05473e-02					
3.81560e-01	3.79165e-01	3.72543e-01	3.55322e-01	3.83464e-01	1.03704e+00	9.03580e-01	6.44264e-01	4.43513e-01	3.17316e-01	1.34940e-01							
3.52431e-01	3.47070e-01	3.32994e-01	3.03179e-01	3.05812e-01	7.46059e-01	5.75290e-01	3.14830e-01	1.91098e-01	1.07770e-01	3.68760e-02							
7.34922e-01	7.19721e-01	6.81363e-01	6.03807e-01	4.87259e-01	3.97315e-01	1.89199e-01											
3.28061e-01	3.20303e-01	3.01032e-01	2.62799e-01	2.00621e-01	1.25680e-01	4.52827e-02											

Z = 8
3.60921e-01	5.85317e-01	6.81608e-01	7.09113e-01	6.96076e-01	6.43955e-01	5.30335e-01	3.08843e-01	2.86069e-01	4.34893e-01	4.80399e-01	4.73546e-01	4.41285e-01	3.93894e-01	3.46710e-01	7.38924e-01	3.16975e-01	
5.77056e-01	6.46164e-01	6.97635e-01	7.16039e-01	7.02278e-01	6.57247e-01	5.81799e-01	4.90946e-01	4.59370e-01	4.83375e-01	4.93948e-01	4.79049e-01	4.42126e-01	3.91108e-01	3.41148e-01	7.22830e-01	3.09187e-01	
6.75602e-01	6.95041e-01	7.16450e-01	7.23260e-01	7.08497e-01	6.72387e-01	6.21842e-01	5.71992e-01	5.38531e-01	5.22609e-01	5.11284e-01	4.90281e-01	4.45145e-01	3.82536e-01	3.25878e-01	6.82048e-01	2.89858e-01	
7.05048e-01	7.13303e-01	7.22259e-01	7.22059e-01	7.06572e-01	6.75708e-01	6.35212e-01	5.94315e-01	5.60572e-01	5.35743e-01	5.18836e-01	5.12976e-01	4.56146e-01	3.61720e-01	2.94486e-01	6.02388e-01	2.53018e-01	
6.92336e-01	6.99791e-01	7.07645e-01	7.06671e-01	6.91088e-01	6.60813e-01	6.21234e-01	5.80909e-01	5.46784e-01	5.20551e-01	5.02048e-01	4.94171e-01	4.40110e-01	4.04020e-01	3.08581e-01	4.92755e-01	1.97036e-01	
6.39076e-01	6.55332e-01	6.72757e-01	6.76969e-01	6.61922e-01	6.27860e-01	5.80780e-01	5.33544e-01	4.99171e-01	4.78170e-01	4.62208e-01	4.46974e-01	4.46456e-01	1.05943e+00	7.38428e-01	3.95617e-01	1.26119e-01	
5.23955e-01	5.82499e-01	6.24819e-01	6.38333e-01	6.24085e-01	5.83037e-01	5.15994e-01	4.35107e-01	4.02933e-01	4.15560e-01	4.11410e-01	3.87543e-01	3.78195e-01	9.32196e-01	5.76419e-01	1.91289e-01	4.77425e-02	
3.09655e-01	4.98990e-01	5.78289e-01	5.99022e-01	5.85234e-01	5.38573e-01	4.41154e-01	2.54834e-01	2.32190e-01	3.55475e-01	3.70180e-01	3.22726e-01	2.91427e-01	6.58139e-01	3.11023e-01			
2.86870e-01	4.67612e-01	5.45314e-01	5.65849e-01	5.51633e-01	5.04500e-01	4.08924e-01	2.32292e-01	2.06172e-01	3.09331e-01	3.19412e-01	3.14372e-01	2.60089e-01	4.52218e-01	1.87673e-01			
4.30186e-01	4.85538e-01	5.27155e-01	5.40693e-01	5.25122e-01	4.81609e-01	4.16065e-01	3.50379e-01	3.03857e-01	2.84371e-01	2.95702e-01	7.36391e-01	5.46395e-01	3.19226e-01	1.07671e-01			
4.78311e-01	4.94453e-01	5.13926e-01	5.23071e-01	5.05568e-01	4.63261e-01	4.09794e-01	3.67212e-01	3.16142e-01	3.04291e-01	2.73664e-01	5.70870e-01	3.67995e-01	1.38731e-01	3.84316e-02			
4.73878e-01	4.79825e-01	4.91529e-01	5.15501e-01	4.94601e-01	4.44100e-01	3.83928e-01	3.21300e-01	3.03709e-01	7.34761e-01	5.58043e-01	3.59999e-01	1.45294e-01					
4.41862e-01	4.42838e-01	4.46280e-01	4.59317e-01	4.41973e-01	4.60268e-01	3.90237e-01	3.03716e-01	2.63002e-01	5.60614e-01	3.67882e-01	1.45052e-01	4.17144e-02					
3.92639e-01	3.90170e-01	3.83344e-01	3.65611e-01	3.94552e-01	1.06699e+00	9.29650e-01	6.62834e-01	4.56291e-01	3.26456e-01	1.38826e-01							
3.62713e-01	3.57191e-01	3.42695e-01	3.12001e-01	3.14695e-01	7.67684e-01	5.91935e-01	3.23920e-01	1.96610e-01	1.10878e-01	3.79397e-02							
7.56418e-01	7.40763e-01	7.01267e-01	6.21426e-01	5.01459e-01	4.08872e-01	1.94694e-01											
3.37667e-01	3.29678e-01	3.09836e-01	2.70478e-01	2.06477e-01	1.29345e-01	4.66027e-02											

Z = 9
3.56380e-01	5.77997e-01	6.73178e-01	7.00497e-01	6.87828e-01	6.36583e-01	5.24538e-01	3.05709e-01	2.83480e-01	4.31354e-01	4.76804e-01	4.70256e-01	4.38403e-01	3.91439e-01	3.44625e-01	7.34571e-01	3.15126e-01	
5.69842e-01	6.38131e-01	6.89060e-01	7.07395e-01	6.94018e-01	6.49789e-01	5.75520e-01	4.86025e-01	4.55199e-01	4.79408e-01	4.90234e-01	4.75707e-01	4.39227e-01	3.88660e-01	3.39089e-01	7.18557e-01	3.07377e-01	
6.67250e-01	6.86499e-01	7.07751e-01	7.14642e-01	7.00280e-01	6.64875e-01	6.15246e-01	5.66336e-01	5.33653e-01	5.18298e-01	5.07420e-01	4.86843e-01	4.42207e-01	3.80125e-01	3.23898e-01	6.77992e-01	2.88151e-01	
6.96485e-01	7.04695e-01	7.13655e-01	7.13625e-01	6.98541e-01	6.68311e-01	6.28603e-01	5.88528e-01	5.55535e-01	5.31331e-01	5.14909e-01	5.09364e-01	4.53113e-01	3.59420e-01	2.92681e-01	5.98776e-01	2.51517e-01	
6.84136e-01	6.91563e-01	6.99442e-01	6.98642e-01	6.83445e-01	6.53762e-01	6.14914e-01	5.75355e-01	5.41935e-01	5.16298e-01	4.98260e-01	4.90684e-01	4.37166e-01	4.01424e-01	3.06662e-01	4.89770e-01	1.95858e-01	
6.31761e-01	6.47901e-01	6.65247e-01	6.69564e-01	6.54861e-01	6.21375e-01	5.75030e-01	5.28554e-01	4.94825e-01	4.74319e-01	4.58747e-01	4.43821e-01	4.43464e-01	1.05257e+00	7.33771e-01	3.93189e-01	1.25357e-01	
5.18227e-01	5.76219e-01	6.18198e-01	6.31697e-01	6.17741e-01	5.77268e-01	5.11062e-01	4.31147e-01	3.99514e-01	4.12289e-01	4.08370e-01	3.84820e-01	3.75652e-01	9.26105e-01	5.72733e-01	1.90100e-01	4.74528e-02	
3.06513e-01	4.93994e-01	5.72576e-01	5.93193e-01	5.79641e-01	5.33540e-01	4.37142e-01	2.52611e-01	2.30300e-01	3.52767e-01	3.67494e-01	3.20474e-01	2.89464e-01	6.53802e-01	3.09001e-01			
2.84277e-01	4.63366e-01	5.40374e-01	5.60765e-01	5.46741e-01	5.00108e-01	4.05455e-01	2.30402e-01	2.04586e-01	3.07056e-01	3.17143e-01	3.12205e-01	2.58338e-01	4.49226e-01	1.86442e-01			
4.26691e-01	4.81551e-01	5.22803e-01	5.36237e-01	5.20828e-01	4.77726e-01	4.12786e-01	3.47710e-01	3.01624e-01	2.82340e-01	2.93645e-01	7.31369e-01	5.42723e-01	3.17111e-01	1.06964e-01			
4.74736e-01	4.90735e-01	5.10037e-01	5.19107e-01	5.01747e-01	4.59786e-01	4.06761e-01	3.64545e-01	3.13896e-01	3.02175e-01	2.71792e-01	5.67006e-01	3.65528e-01	1.37811e-01	3.81793e-02			
4.70587e-01	4.76476e-01	4.88078e-01	5.11865e-01	4.91103e-01	4.40960e-01	3.81224e-01	3.19055e-01	3.01613e-01	7.29750e-01	5.54266e-01	3.57579e-01	1.44322e-01					
4.38975e-01	4.39933e-01	4.43331e-01	4.56257e-01	4.39010e-01	4.57179e-01	3.87609e-01	3.01667e-01	2.61231e-01	5.56845e-01	3.65415e-01	1.44082e-01	4.14366e-02					
3.90190e-01	3.87726e-01	3.80925e-01	3.63281e-01	3.92011e-01	1.06007e+00	9.23563e-01	6.58460e-01	4.53272e-01	3.24292e-01	1.37906e-01							
3.60533e-01	3.55035e-01	3.40612e-01	3.10086e-01	3.12736e-01	7.62829e-01	5.88139e-01	3.21810e-01	1.95320e-01	1.10150e-01	3.76909e-02							
7.51965e-01	7.36386e-01	6.97095e-01	6.17698e-01	4.98419e-01	4.06357e-01	1.93480e-01											
3.35698e-01	3.27748e-01	3.08011e-01	2.68872e-01	2.05241e-01	1.28565e-01	4.63208e-02											

Z = 10
3.38316e-01	5.48759e-01	6.39259e-01	6.65432e-01	6.53733e-01	6.05460e-01	4.99368e-01	2.91465e-01	2.70826e-01	4.12799e-01	4.56843e-01	4.51002e-01	4.20762e-01	3.75883e-01	3.31055e-01	7.05794e-01	3.02809e-01	
5.41019e-01	6.05913e-01	6.54409e-01	6.72059e-01	6.59698e-01	6.18116e-01	5.48028e-01	4.63476e-01	4.34848e-01	4.58721e-01	4.69675e-01	4.56206e-01	4.21534e-01	3.73199e-01	3.25724e-01	6.90384e-01	2.95354e-01	
6.33636e-01	6.51981e-01	6.72309e-01	6.79099e-01	6.65812e-01	6.32637e-01	5.86029e-01	5.40177e-01	5.09802e-01	4.95888e-01	4.86101e-01	4.66851e-01	4.24361e-01	3.64976e-01	3.11111e-01	6.51369e-01	2.76864e-01	
6.61629e-01	6.69500e-01	6.78165e-01	6.78384e-01	6.64405e-01	6.36136e-01	5.98950e-01	5.61480e-01	5.30763e-01	5.08361e-01	4.93262e-01	4.88420e-01	4.34789e-01	3.45061e-01	2.81101e-01	5.75218e-01	2.41647e-01	
6.50232e-01	6.57373e-01	6.65023e-01	6.64505e-01	6.50387e-01	6.22581e-01	5.86137e-01	5.49074e-01	5.17870e-01	4.94029e-01	4.77328e-01	4.70495e-01	4.19457e-01	3.85342e-01	2.94485e-01	4.70451e-01	1.88156e-01	
6.00878e-01	6.16329e-01	6.33002e-01	6.37338e-01	6.23634e-01	5.92107e-01	5.48391e-01	5.04599e-01	4.72989e-01	4.53955e-01	4.39520e-01	4.25562e-01	4.25491e-01	1.01032e+00	7.04525e-01	3.77628e-01	1.20418e-01	
4.93358e-01	5.48705e-01	5.88854e-01	6.01909e-01	5.88839e-01	5.50529e-01	4.87699e-01	4.11800e-01	3.82041e-01	3.94721e-01	3.91326e-01	3.69007e-01	3.60414e-01	8.88842e-01	5.49823e-01	1.82552e-01	4.55806e-02	
2.92232e-01	4.71083e-01	5.46137e-01	5.65936e-01	5.53169e-01	5.09364e-01	4.17532e-01	2.41450e-01	2.20371e-01	3.37895e-01	3.52243e-01	3.07334e-01	2.77716e-01	6.27437e-01	2.96586e-01			
2.71594e-01	4.42650e-01	5.16221e-01	5.35757e-01	5.22459e-01	4.78036e-01	3.87721e-01	2.20471e-01	1.95933e-01	2.94258e-01	3.04067e-01	2.99450e-01	2.47858e-01	4.31091e-01	1.78934e-01			
4.08348e-01	4.60769e-01	5.00189e-01	5.13045e-01	4.98354e-01	4.57205e-01	3.95188e-01	3.33052e-01	2.89055e-01	2.70680e-01	2.81616e-01	7.01588e-01	5.20719e-01	3.04306e-01	1.02655e-01			
4.54867e-01	4.70152e-01	4.88599e-01	4.97270e-01	4.80654e-01	4.40501e-01	3.89774e-01	3.49412e-01	3.00955e-01	2.89799e-01	2.60713e-01	5.43969e-01	3.50718e-01	1.32246e-01	3.66418e-02			
4.51319e-01	4.56940e-01	4.68027e-01	4.90806e-01	4.70882e-01	4.22803e-01	3.65547e-01	3.05967e-01	2.89287e-01	7.00033e-01	5.31748e-01	3.43082e-01	1.38480e-01					
4.21308e-01	4.22206e-01	4.25431e-01	4.37794e-01	4.21212e-01	4.38639e-01	3.71877e-01	2.89420e-01	2.50633e-01	5.34263e-01	3.50609e-01	1.38250e-01	3.97611e-02					
3.74680e-01	3.72297e-01	3.65736e-01	3.48759e-01	3.76296e-01	1.01749e+00	8.86376e-01	6.31896e-01	4.34972e-01	3.11195e-01	1.32336e-01							
3.46336e-01	3.41041e-01	3.27163e-01	2.97813e-01	3.00313e-01	7.32399e-01	5.64593e-01	3.08874e-01	1.87454e-01	1.05714e-01	3.61734e-02							
7.22507e-01	7.07512e-01	6.69718e-01	5.93388e-01	4.78753e-01	3.90263e-01	1.85793e-01											
3.22576e-01	3.14927e-01	2.95943e-01	2.58319e-01	1.97170e-01	1.23499e-01	4.44944e-02											

Z = 11
3.07136e-01	4.98206e-01	5.80469e-01	6.04503e-01	5.94373e-01	5.51210e-01	4.55465e-01	2.66601e-01	2.48711e-01	3.80306e-01	4.21806e-01	4.17118e-01	3.89641e-01	3.48383e-01	3.07024e-01	6.54784e-01	2.80968e-01	
4.91186e-01	5.50109e-01	5.94227e-01	6.10519e-01	5.99806e-01	5.62780e-01	4.99977e-01	4.24054e-01	3.99253e-01	4.22487e-01	4.33589e-01	4.21890e-01	3.90325e-01	3.45871e-01	3.02062e-01	6.40453e-01	2.74037e-01	
5.75379e-01	5.92032e-01	6.10566e-01	6.16993e-01	6.05455e-01	5.76129e-01	5.34819e-01	4.94354e-01	4.68036e-01	4.56614e-01	4.48676e-01	4.31676e-01	3.92889e-01	3.38206e-01	2.88478e-01	6.04202e-01	2.56858e-01	
6.01072e-01	6.08216e-01	6.16160e-01	6.16614e-01	6.04440e-01	5.79573e-01	5.46842e-01	5.14007e-01	4.87331e-01	4.68080e-01	4.55249e-01	4.51572e-01	4.02483e-01	3.19700e-01	2.60613e-01	5.33497e-01	2.24160e-01	
5.91215e-01	5.97718e-01	6.04762e-01	6.04541e-01	5.92194e-01	5.67659e-01	5.35484e-01	5.02888e-01	4.75637e-01	4.54956e-01	4.40562e-01	4.34974e-01	3.88244e-01	3.56954e-01	2.72956e-01	4.36255e-01	1.74517e-01	
5.47054e-01	5.61177e-01	5.76486e-01	5.80681e-01	5.68622e-01	5.40522e-01	5.01473e-01	4.62478e-01	4.34646e-01	4.18206e-01	4.05741e-01	3.93437e-01	3.93818e-01	9.35764e-01	6.52857e-01	3.50104e-01	1.11673e-01	
4.49987e-01	5.00619e-01	5.37423e-01	5.49559e-01	5.37963e-01	5.03436e-01	4.46572e-01	3.77784e-01	3.51352e-01	3.63867e-01	3.61372e-01	3.41184e-01	3.33565e-01	8.23118e-01	5.09378e-01	1.69210e-01	4.22672e-02	
2.67306e-01	4.31030e-01	4.99822e-01	5.18094e-01	5.06642e-01	4.66850e-01	3.83050e-01	2.21834e-01	2.02931e-01	3.11767e-01	3.25428e-01	2.84212e-01	2.57021e-01	5.80955e-01	2.74688e-01			
2.49425e-01	4.06412e-01	4.73919e-01	4.91905e-01	4.79839e-01	4.39273e-01	3.56570e-01	2.03024e-01	1.80729e-01	2.71761e-01	2.81069e-01	2.77000e-01	2.29399e-01	3.99129e-01	1.65698e-01			
3.76219e-01	4.24361e-01	4.60553e-01	4.72370e-01	4.58914e-01	4.21176e-01	3.64280e-01	3.07296e-01	2.66959e-01	2.50174e-01	2.60449e-01	6.49155e-01	4.81960e-01	2.81741e-01	9.50607e-02			
4.19986e-01	4.34019e-01	4.50958e-01	4.58921e-01	4.43602e-01	4.06616e-01	3.59916e-01	3.22804e-01	2.78191e-01	2.68020e-01	2.41211e-01	5.03402e-01	3.24632e-01	1.22439e-01	3.39314e-02			
4.17406e-01	4.22557e-01	4.32743e-01	4.53751e-01	4.35301e-01	3.90856e-01	3.37962e-01	2.82934e-01	2.67591e-01	6.47710e-01	4.92094e-01	3.17547e-01	1.28189e-01					
3.90137e-01	3.90934e-01	3.93862e-01	4.05241e-01	3.89842e-01	4.05966e-01	3.44158e-01	2.67845e-01	2.31963e-01	4.94487e-01	3.24528e-01	1.27976e-01	3.68094e-02					
3.47259e-01	3.45023e-01	3.38897e-01	3.23108e-01	3.48552e-01	9.42348e-01	8.20787e-01	5.85062e-01	4.02717e-01	2.88113e-01	1.22521e-01							
3.21194e-01	3.16263e-01	3.03356e-01	2.76098e-01	2.78348e-01	6.78643e-01	5.23027e-01	2.86055e-01	1.73586e-01	9.78919e-02	3.34980e-02							
6.70285e-01	6.56337e-01	6.21211e-01	5.50334e-01	4.43941e-01	3.61798e-01	1.72204e-01											
2.99305e-01	2.92192e-01	2.74552e-01	2.39618e-01	1.82873e-01	1.14529e-01	4.12613e-02											

Z = 12
2.64213e-01	4.28347e-01	4.98824e-01	5.19538e-01	5.11483e-01	4.75596e-01	3.94523e-01	2.32287e-01	2.18383e-01	3.35900e-01	3.73973e-01	3.70854e-01	3.47120e-01	3.10780e-01	2.74142e-01	5.84954e-01	2.51061e-01	
4.22340e-01	4.72586e-01	5.09974e-01	5.23842e-01	5.15313e-01	4.84987e-01	4.32900e-01	3.69485e-01	3.50351e-01	3.72928e-01	3.84310e-01	3.75032e-01	3.47684e-01	3.08506e-01	2.69687e-01	5.72107e-01	2.44850e-01	
4.94530e-01	5.08131e-01	5.23106e-01	5.28236e-01	5.19026e-01	4.95678e-01	4.62757e-01	4.30670e-01	4.10538e-01	4.02841e-01	3.97547e-01	3.83639e-01	3.49892e-01	3.01610e-01	2.57517e-01	5.39648e-01	2.29472e-01	
5.16711e-01	5.21933e-01	5.27526e-01	5.27425e-01	5.17658e-01	4.98249e-01	4.73043e-01	4.47812e-01	4.27441e-01	4.12884e-01	4.03301e-01	4.01246e-01	3.58349e-01	2.85035e-01	2.32591e-01	4.76407e-01	2.00226e-01	
5.08892e-01	5.13597e-01	5.18452e-01	5.17766e-01	5.07786e-01	4.88539e-01	4.63640e-01	4.38422e-01	4.17363e-01	4.01392e-01	3.90308e-01	3.86461e-01	3.45608e-01	3.18158e-01	2.43520e-01	3.89475e-01	1.55853e-01	
4.72097e-01	4.83677e-01	4.96036e-01	4.99256e-01	4.89405e-01	4.66719e-01	4.35205e-01	4.03787e-01	3.81771e-01	3.69207e-01	3.59568e-01	3.49563e-01	3.50556e-01	8.33899e-01	5.82235e-01	3.12462e-01	9.97100e-02	
3.89813e-01	4.33509e-01	4.65046e-01	4.75413e-01	4.65792e-01	4.36908e-01	3.88936e-01	3.30556e-01	3.09102e-01	3.21609e-01	3.20436e-01	3.03189e-01	2.96899e-01	7.33338e-01	4.54113e-01	1.50969e-01	3.77349e-02	
2.32908e-01	3.75583e-01	4.35429e-01	4.51343e-01	4.41658e-01	4.07583e-01	3.35165e-01	1.94736e-01	1.78983e-01	2.76021e-01	2.88796e-01	2.52638e-01	2.28763e-01	5.17475e-01	2.44778e-01			
2.19019e-01	3.56612e-01	4.15657e-01	4.31396e-01	4.20991e-01	3.85788e-01	3.13666e-01	1.79066e-01	1.59914e-01	2.41014e-01	2.49661e-01	2.46348e-01	2.04195e-01	3.55486e-01	1.47623e-01			
3.32303e-01	3.74549e-01	4.06261e-01	4.16605e-01	4.04820e-01	3.71771e-01	3.21931e-01	2.72054e-01	2.36760e-01	2.22166e-01	2.31548e-01	5.77572e-01	4.29045e-01	2.50931e-01	8.46904e-02			
3.72359e-01	3.84665e-01	3.99522e-01	4.06497e-01	3.92941e-01	3.60286e-01	3.19104e-01	2.86448e-01	2.47101e-01	2.38284e-01	2.14586e-01	4.48023e-01	2.89019e-01	1.09050e-01	3.02306e-02			
3.71096e-01	3.75601e-01	3.84550e-01	4.03134e-01	3.86698e-01	3.47217e-01	3.00286e-01	2.51479e-01	2.37967e-01	5.76277e-01	4.37959e-01	2.82689e-01	1.14140e-01					
3.47544e-01	3.48204e-01	3.50729e-01	3.60767e-01	3.46988e-01	3.61335e-01	3.06300e-01	2.38382e-01	2.06471e-01	4.40181e-01	2.88923e-01	1.13950e-01	3.27798e-02					
3.09761e-01	3.07731e-01	3.02202e-01	2.88045e-01	3.10637e-01	8.39679e-01	7.31188e-01	5.21098e-01	3.58671e-01	2.56596e-01	1.09121e-01							
2.86789e-01	2.82359e-01	2.70787e-01	2.46396e-01	2.48314e-01	6.05164e-01	4.66229e-01	2.54886e-01	1.54645e-01	8.72111e-02	2.98448e-02							
5.98794e-01	5.86283e-01	5.54820e-01	4.91420e-01	3.96317e-01	3.22869e-01	1.53625e-01											
2.67440e-01	2.61064e-01	2.45269e-01	2.14023e-01	1.63310e-01	1.02258e-01	3.68385e-02											

Z = 13
2.13043e-01	3.44595e-01	4.00228e-01	4.16314e-01	4.10594e-01	3.83813e-01	3.20926e-01	1.91070e-01	1.82086e-01	2.82770e-01	3.16662e-01	3.15312e-01	2.95972e-01	2.65478e-01	2.34479e-01	5.00664e-01	2.14951e-01	
3.39869e-01	3.78731e-01	4.06252e-01	4.15612e-01	4.09555e-01	3.88596e-01	3.51004e-01	3.03640e-01	2.91728e-01	3.13608e-01	3.25264e-01	3.18782e-01	2.96398e-01	2.63496e-01	2.30641e-01	4.89617e-01	2.09613e-01	
3.97089e-01	4.05033e-01	4.11328e-01	4.09792e-01	4.03261e-01	3.91925e-01	3.73299e-01	3.53384e-01	3.41468e-01	3.38436e-01	3.36279e-01	3.25980e-01	2.98188e-01	2.57537e-01	2.20184e-01	4.61751e-01	1.96414e-01	
4.14532e-01	4.14613e-01	4.09564e-01	3.95160e-01	3.88287e-01	3.88752e-01	3.80190e-01	3.67107e-01	3.55371e-01	3.46730e-01	3.41040e-01	3.40843e-01	3.05291e-01	2.43300e-01	1.98813e-01	4.07537e-01	1.71343e-01	
4.09007e-01	4.08723e-01	4.03163e-01	3.88400e-01	3.81281e-01	3.81608e-01	3.73043e-01	3.59720e-01	3.47181e-01	3.37166e-01	3.30066e-01	3.28235e-01	2.94361e-01	2.71469e-01	2.08054e-01	3.33062e-01	1.33336e-01	
3.81314e-01	3.87847e-01	3.92290e-01	3.89312e-01	3.82031e-01	3.70670e-01	3.52450e-01	3.32296e-01	3.18109e-01	3.10444e-01	3.04209e-01	2.96905e-01	2.98562e-01	7.11338e-01	4.97189e-01	2.67091e-01	8.52819e-02	
3.17218e-01	3.51588e-01	3.75035e-01	3.81741e-01	3.74400e-01	3.53660e-01	3.18048e-01	2.73281e-01	2.58286e-01	2.70930e-01	2.71345e-01	2.57583e-01	2.52838e-01	6.25352e-01	3.87594e-01	1.28992e-01	3.22697e-02	
1.91597e-01	3.08645e-01	3.57157e-01	3.69745e-01	3.62106e-01	3.35260e-01	2.77052e-01	1.62041e-01	1.50222e-01	2.33151e-01	2.44853e-01	2.14735e-01	1.94809e-01	4.41146e-01	2.08797e-01			
1.82624e-01	2.96881e-01	3.45602e-01	3.58490e-01	3.50024e-01	3.21324e-01	2.62032e-01	1.50286e-01	1.34942e-01	2.04133e-01	2.11970e-01	2.09541e-01	1.73910e-01	3.03015e-01	1.25886e-01			
2.79751e-01	3.14909e-01	3.41206e-01	3.49733e-01	3.39922e-01	3.12492e-01	2.71126e-01	2.29782e-01	2.00534e-01	1.88557e-01	1.96851e-01	4.91589e-01	3.65460e-01	2.13892e-01	7.22200e-02			
3.15287e-01	3.25520e-01	3.37874e-01	3.43653e-01	3.32198e-01	3.04728e-01	2.70154e-01	2.42833e-01	2.09789e-01	2.02583e-01	1.82608e-01	3.81489e-01	2.46223e-01	9.29535e-02	2.57802e-02			
3.15497e-01	3.19231e-01	3.26701e-01	3.42379e-01	3.28362e-01	2.94841e-01	2.55063e-01	2.13719e-01	2.02393e-01	4.90473e-01	3.72921e-01	2.40802e-01	9.72557e-02					
2.96310e-01	2.96812e-01	2.98862e-01	3.07300e-01	2.95480e-01	3.07696e-01	2.60806e-01	2.02980e-01	1.75839e-01	3.74923e-01	2.46134e-01	9.70926e-02	2.79364e-02					
2.64587e-01	2.62810e-01	2.58013e-01	2.45834e-01	2.65010e-01	7.16158e-01	6.23426e-01	4.44189e-01	3.05716e-01	2.18708e-01	9.30106e-02							
2.45289e-01	2.41468e-01	2.31516e-01	2.10595e-01	2.12130e-01	5.16688e-01	3.97870e-01	2.17393e-01	1.31868e-01	7.43670e-02	2.54515e-02							
5.12497e-01	5.01733e-01	4.74709e-01	4.20350e-01	3.38889e-01	2.75950e-01	1.31244e-01											
2.28966e-01	2.23484e-01	2.09923e-01	1.83137e-01	1.39709e-01	8.74587e-02	3.15048e-02											

Z = 14
1.59857e-01	2.57463e-01	2.97498e-01	3.08588e-01	3.05077e-01	2.87530e-01	2.43405e-01	1.47319e-01	1.43070e-01	2.25014e-01	2.53860e-01	2.54067e-01	2.39308e-01	2.15129e-01	1.90296e-01	4.06652e-01	1.74651e-01	
2.54100e-01	2.80801e-01	2.97169e-01	3.00694e-01	2.96987e-01	2.86471e-01	2.64412e-01	2.33665e-01	2.28766e-01	2.49198e-01	2.60600e-01	2.56780e-01	2.39599e-01	2.13485e-01	1.87154e-01	3.97630e-01	1.70295e-01	
2.95663e-01	2.96876e-01	2.89539e-01	2.68499e-01	2.64678e-01	2.77854e-01	2.78127e-01	2.71163e-01	2.67316e-01	2.68571e-01	2.69228e-01	2.62458e-01	2.40955e-01	2.08589e-01	1.78621e-01	3.74915e-01	1.59539e-01	
3.08013e-01	3.01633e-01	2.71642e-01	1.79375e-01	1.76312e-01	2.59275e-01	2.81047e-01	2.81147e-01	2.77984e-01	2.74987e-01	2.72925e-01	2.74324e-01	2.46590e-01	1.96976e-01	1.61227e-01	3.30799e-01	1.39138e-01	
3.04656e-01	2.98058e-01	2.67902e-01	1.76346e-01	1.73083e-01	2.54756e-01	2.76120e-01	2.75778e-01	2.71752e-01	2.67479e-01	2.64150e-01	2.64126e-01	2.37685e-01	2.19677e-01	1.68623e-01	2.70240e-01	1.08241e-01	
2.86178e-01	2.86576e-01	2.78208e-01	2.56502e-01	2.51897e-01	2.64155e-01	2.63879e-01	2.55909e-01	2.49566e-01	2.46598e-01	2.43592e-01	2.38920e-01	2.41062e-01	5.75447e-01	4.02720e-01	2.16601e-01	6.92088e-02	
2.40784e-01	2.64961e-01	2.78993e-01	2.80747e-01	2.75663e-01	2.64292e-01	2.42278e-01	2.11918e-01	2.03419e-01	2.15734e-01	2.17520e-01	2.07342e-01	2.04116e-01	5.05682e-01	3.13763e-01	1.04554e-01	2.61829e-02	
1.47748e-01	2.37476e-01	2.73797e-01	2.82737e-01	2.77164e-01	2.57897e-01	2.14764e-01	1.26852e-01	1.19022e-01	1.86297e-01	1.96584e-01	1.72946e-01	1.57262e-01	3.56595e-01	1.68900e-01			
1.43496e-01	2.32724e-01	2.70382e-01	2.80183e-01	2.73732e-01	2.51907e-01	2.06278e-01	1.19063e-01	1.07679e-01	1.63674e-01	1.70481e-01	1.68911e-01	1.40411e-01	2.44901e-01	1.01794e-01			
2.22616e-01	2.50158e-01	2.70647e-01	2.77222e-01	2.69517e-01	2.48098e-01	2.15804e-01	1.83583e-01	1.60793e-01	1.51579e-01	1.58579e-01	3.96580e-01	2.95109e-01	1.72866e-01	5.83972e-02			
2.52748e-01	2.60757e-01	2.70422e-01	2.74917e-01	2.65753e-01	2.43914e-01	2.16499e-01	1.94931e-01	1.68720e-01	1.63201e-01	1.47280e-01	3.07916e-01	1.98858e-01	7.51231e-02	2.08466e-02			
2.54195e-01	2.57106e-01	2.62983e-01	2.75490e-01	2.64150e-01	2.37186e-01	2.05259e-01	1.72096e-01	1.63131e-01	3.95666e-01	3.01001e-01	1.94451e-01	7.85622e-02					
2.39559e-01	2.39904e-01	2.41460e-01	2.48163e-01	2.38534e-01	2.48391e-01	2.10513e-01	1.63839e-01	1.41959e-01	3.02729e-01	1.98780e-01	7.84299e-02	2.25721e-02					
2.14388e-01	2.12907e-01	2.08946e-01	1.98994e-01	2.14411e-01	5.79239e-01	5.04036e-01	3.59011e-01	2.47069e-01	1.76744e-01	7.51657e-02							
1.99062e-01	1.95930e-01	1.87801e-01	1.70764e-01	1.71908e-01	4.18434e-01	3.22019e-01	1.75828e-01	1.06625e-01	6.01307e-02	2.05811e-02							
4.16253e-01	4.07456e-01	3.85415e-01	3.41172e-01	2.74945e-01	2.23751e-01	1.06361e-01											
1.86030e-01	1.81554e-01	1.70500e-01	1.48703e-01	1.13408e-01	7.09728e-02	2.55640e-02											

Z = 15
1.11084e-01	1.78258e-01	2.05091e-01	2.12290e-01	2.10496e-01	2.00101e-01	1.71519e-01	1.05558e-01	1.04505e-01	1.66496e-01	1.89266e-01	1.90409e-01	1.79982e-01	1.62164e-01	1.43663e-01	3.07215e-01	1.31987e-01	
1.76019e-01	1.93268e-01	2.02615e-01	2.03696e-01	2.01800e-01	1.97260e-01	1.85471e-01	1.67220e-01	1.66795e-01	1.84131e-01	1.94176e-01	1.92379e-01	1.80159e-01	1.60894e-01	1.41268e-01	3.00358e-01	1.28679e-01	
2.04087e-01	2.02619e-01	1.93532e-01	1.75833e-01	1.73877e-01	1.87649e-01	1.93666e-01	1.93645e-01	1.94605e-01	1.98189e-01	2.00458e-01	1.96542e-01	1.81107e-01	1.57149e-01	1.34789e-01	2.83128e-01	1.20523e-01	
2.12308e-01	2.04741e-01	1.78130e-01	1.10718e-01	1.09153e-01	1.71769e-01	1.94631e-01	2.00513e-01	2.02245e-01	2.02808e-01	2.03125e-01	2.05350e-01	1.85259e-01	1.48334e-01	1.21616e-01	2.49729e-01	1.05079e-01	
2.10626e-01	2.02949e-01	1.76254e-01	1.09200e-01	1.07451e-01	1.69164e-01	1.91567e-01	1.96931e-01	1.97853e-01	1.97329e-01	1.96595e-01	1.97669e-01	1.78504e-01	1.65342e-01	1.27114e-01	2.03921e-01	8.17158e-02	
1.99432e-01	1.97578e-01	1.87962e-01	1.69802e-01	1.67112e-01	1.79854e-01	1.84902e-01	1.83525e-01	1.82111e-01	1.82154e-01	1.81386e-01	1.78798e-01	1.81017e-01	4.32914e-01	3.03353e-01	1.63351e-01	5.22296e-02	
1.69774e-01	1.85934e-01	1.94195e-01	1.94184e-01	1.90993e-01	1.85068e-01	1.72184e-01	1.52961e-01	1.49000e-01	1.59736e-01	1.62141e-01	1.55199e-01	1.53241e-01	3.80245e-01	2.36188e-01	7.88056e-02	1.97551e-02	
1.05880e-01	1.69946e-01	1.95426e-01	2.01445e-01	1.97710e-01	1.84828e-01	1.54986e-01	9.23830e-02	8.76924e-02	1.38409e-01	1.46747e-01	1.29513e-01	1.18049e-01	2.68015e-01	1.27035e-01			
1.04822e-01	1.69635e-01	1.96742e-01	2.03713e-01	1.99158e-01	1.83716e-01	1.51042e-01	8.77182e-02	7.98905e-02	1.22011e-01	1.27473e-01	1.26588e-01	1.05401e-01	1.84017e-01	7.65248e-02			
1.64730e-01	1.84794e-01	1.99642e-01	2.04362e-01	1.98737e-01	1.83179e-01	1.59731e-01	1.36379e-01	1.19866e-01	1.13283e-01	1.18759e-01	2.97395e-01	2.21516e-01	1.29872e-01	4.38961e-02			
1.88433e-01	1.94261e-01	2.01292e-01	2.04541e-01	1.97717e-01	1.81559e-01	1.61333e-01	1.45492e-01	1.26152e-01	1.22225e-01	1.10425e-01	2.31010e-01	1.49281e-01	5.64346e-02	1.56698e-02			
1.90492e-01	1.92601e-01	1.96899e-01	2.06174e-01	1.97634e-01	1.77450e-01	1.53603e-01	1.28855e-01	1.22245e-01	2.96702e-01	2.25822e-01	1.45946e-01	5.89848e-02					
1.80157e-01	1.80371e-01	1.81462e-01	1.86407e-01	1.79103e-01	1.86490e-01	1.58018e-01	1.22972e-01	1.06559e-01	2.27226e-01	1.49220e-01	5.88848e-02	1.69504e-02					
1.61596e-01	1.60447e-01	1.57402e-01	1.49832e-01	1.61353e-01	4.35697e-01	3.78944e-01	2.69799e-01	1.85639e-01	1.32781e-01	5.64668e-02							
1.50281e-01	1.47892e-01	1.41710e-01	1.28801e-01	1.29581e-01	3.15145e-01	2.42363e-01	1.32229e-01	8.01546e-02	4.52000e-02	1.54716e-02							
3.14472e-01	3.07780e-01	2.91052e-01	2.57549e-01	2.07464e-01	1.68727e-01	8.01599e-02											
1.40588e-01	1.37187e-01	1.28802e-01	1.12300e-01	8.56167e-02	5.35632e-02	1.92913e-02											

Z = 16
6.91548e-02	1.10722e-01	1.27233e-01	1.31750e-01	1.31029e-01	1.25299e-01	1.08329e-01	6.75507e-02	6.78670e-02	1.09135e-01	1.24853e-01	1.26200e-01	1.19669e-01	1.08029e-01	9.58365e-02	2.05588e-01	8.83781e-02	
1.09351e-01	1.19808e-01	1.25324e-01	1.25961e-01	1.25191e-01	1.23236e-01	1.17067e-01	1.06935e-01	1.08110e-01	1.20581e-01	1.28055e-01	1.27481e-01	1.19765e-01	1.07164e-01	9.42227e-02	2.00967e-01	8.61497e-02	
1.26658e-01	1.25345e-01	1.19251e-01	1.08218e-01	1.07403e-01	1.16899e-01	1.22136e-01	1.23826e-01	1.26062e-01	1.29709e-01	1.32153e-01	1.30202e-01	1.20354e-01	1.04632e-01	8.98693e-02	1.89378e-01	8.06660e-02	
1.31835e-01	1.26630e-01	1.09609e-01	6.79334e-02	6.72479e-02	1.06922e-01	1.22744e-01	1.28270e-01	1.31034e-01	1.32716e-01	1.33884e-01	1.36007e-01	1.23066e-01	9.87029e-02	8.10366e-02	1.66959e-01	7.03033e-02	
1.31184e-01	1.25932e-01	1.08858e-01	6.72911e-02	6.64622e-02	1.05604e-01	1.21055e-01	1.26140e-01	1.28275e-01	1.29162e-01	1.29573e-01	1.30880e-01	1.18523e-01	1.09993e-01	8.46724e-02	1.36269e-01	5.46540e-02	
1.24930e-01	1.23470e-01	1.17127e-01	1.05772e-01	1.04387e-01	1.13045e-01	1.17364e-01	1.17839e-01	1.18224e-01	1.19308e-01	1.19565e-01	1.18346e-01	1.20185e-01	2.88593e-01	2.02480e-01	1.09150e-01	3.49235e-02	
1.07248e-01	1.17392e-01	1.22508e-01	1.22512e-01	1.20736e-01	1.17486e-01	1.10017e-01	9.85818e-02	9.69600e-02	1.04765e-01	1.06921e-01	1.02705e-01	1.01695e-01	2.53376e-01	1.57597e-01	5.26446e-02	1.32089e-02	
6.77616e-02	1.08693e-01	1.24975e-01	1.28868e-01	1.26636e-01	1.18675e-01	9.98900e-02	5.99332e-02	5.73417e-02	9.09848e-02	9.68369e-02	8.56954e-02	7.82910e-02	1.78441e-01	8.46727e-02			
6.80808e-02	1.09942e-01	1.27432e-01	1.31964e-01	1.29099e-01	1.19248e-01	9.82776e-02	5.73600e-02	5.24938e-02	8.03790e-02	8.41912e-02	8.38047e-02	6.98980e-02	1.22450e-01	5.09707e-02			
1.07991e-01	1.21003e-01	1.30639e-01	1.33709e-01	1.30058e-01	1.19955e-01	1.04743e-01	8.96501e-02	7.89705e-02	7.47453e-02	7.85320e-02	1.97451e-01	1.47267e-01	8.64337e-02	2.92333e-02			
1.24310e-01	1.28104e-01	1.32685e-01	1.34796e-01	1.30288e-01	1.19653e-01	1.06369e-01	9.60012e-02	8.33171e-02	8.08280e-02	7.31116e-02	1.53455e-01	9.92849e-02	3.75649e-02	1.04365e-02			
1.26256e-01	1.27623e-01	1.30427e-01	1.36536e-01	1.30833e-01	1.17425e-01	1.01626e-01	8.52494e-02	8.09254e-02	1.96996e-01	1.50020e-01	9.70073e-02	3.92284e-02					
1.19784e-01	1.19900e-01	1.20582e-01	1.23818e-01	1.18906e-01	1.23807e-01	1.04862e-01	8.15665e-02	7.06788e-02	1.51068e-01	9.92498e-02	3.91654e-02	1.12753e-02					
1.07648e-01	1.06861e-01	1.04795e-01	9.96960e-02	1.07336e-01	2.90448e-01	2.52546e-01	1.79702e-01	1.23595e-01	8.83921e-02	3.75897e-02							
1.00274e-01	9.86615e-02	9.45048e-02	8.58455e-02	8.63327e-02	2.10360e-01	1.61746e-01	8.81825e-02	5.34297e-02	3.01195e-02	1.03084e-02							
2.10577e-01	2.06061e-01	1.94798e-01	1.72294e-01	1.38711e-01	1.12768e-01	5.35566e-02											
9.42233e-02	9.19291e-02	8.62848e-02	7.52012e-02	5.73096e-02	3.58355e-02	1.29038e-02											

Z = 17
3.51980e-02	5.96653e-02	6.97274e-02	7.25438e-02	7.23296e-02	6.92000e-02	5.91503e-02	3.50821e-02	3.55945e-02	6.10698e-02	7.13360e-02	7.25615e-02	6.89163e-02	6.21161e-02	5.43684e-02	1.08713e-01	4.64592e-02	
5.89664e-02	6.52631e-02	6.86441e-02	6.91374e-02	6.89032e-02	6.80637e-02	6.46920e-02	5.89382e-02	6.01148e-02	6.82544e-02	7.32749e-02	7.32922e-02	6.89473e-02	6.15971e-02	5.34457e-02	1.06257e-01	4.52820e-02	
6.94486e-02	6.86593e-02	6.49893e-02	5.84439e-02	5.81829e-02	6.42922e-02	6.79383e-02	6.94468e-02	7.12770e-02	7.38990e-02	7.57026e-02	7.47953e-02	6.92039e-02	6.00963e-02	5.09688e-02	1.00114e-01	4.23933e-02	
7.25953e-02	6.94798e-02	5.91660e-02	3.46933e-02	3.44576e-02	5.82697e-02	6.84002e-02	7.22242e-02	7.43459e-02	7.57469e-02	7.66808e-02	7.78626e-02	7.05031e-02	5.66629e-02	4.59939e-02	8.82822e-02	3.69554e-02	
7.24179e-02	6.92840e-02	5.89418e-02	3.44830e-02	3.41591e-02	5.76846e-02	6.75706e-02	7.10974e-02	7.28118e-02	7.37087e-02	7.41551e-02	7.48216e-02	6.76682e-02	6.21060e-02	4.74472e-02	7.20893e-02	2.87573e-02	
6.90247e-02	6.81924e-02	6.44181e-02	5.76795e-02	5.70561e-02	6.26192e-02	6.56280e-02	6.63077e-02	6.69355e-02	6.79426e-02	6.83239e-02	6.76068e-02	6.77363e-02	1.52044e-01	1.06358e-01	5.74487e-02	1.84232e-02	
5.85913e-02	6.48700e-02	6.81410e-02	6.82973e-02	6.74206e-02	6.56964e-02	6.13884e-02	5.46808e-02	5.40471e-02	5.92132e-02	6.09089e-02	5.85904e-02	5.71820e-02	1.32944e-01	8.23773e-02	2.76788e-02	6.98492e-03	
3.51911e-02	5.98654e-02	7.00445e-02	7.25391e-02	7.13588e-02	6.67421e-02	5.53753e-02	3.14471e-02	3.01471e-02	5.06162e-02	5.48415e-02	4.88338e-02	4.41025e-02	9.38368e-02	4.43242e-02			
3.57172e-02	6.10933e-02	7.19916e-02	7.48258e-02	7.32363e-02	6.74681e-02	5.47548e-02	3.01716e-02	2.75454e-02	4.45974e-02	4.75104e-02	4.70531e-02	3.89802e-02	6.44582e-02	2.67023e-02			
6.05154e-02	6.85168e-02	7.44086e-02	7.62822e-02	7.41924e-02	6.82993e-02	5.92267e-02	4.99502e-02	4.38767e-02	4.20124e-02	4.38867e-02	1.03488e-01	7.70402e-02	4.52936e-02	1.53501e-02			
7.11479e-02	7.33775e-02	7.60356e-02	7.72134e-02	7.45782e-02	6.84149e-02	6.06676e-02	5.44697e-02	4.71004e-02	4.52251e-02	4.05181e-02	8.01782e-02	5.17001e-02	1.96708e-02	5.49250e-03			
7.27111e-02	7.34649e-02	7.49781e-02	7.82030e-02	7.48374e-02	6.71579e-02	5.80730e-02	4.86660e-02	4.54875e-02	1.03321e-01	7.83739e-02	5.06886e-02	2.05290e-02					
6.90953e-02	6.91212e-02	6.93996e-02	7.09736e-02	6.79233e-02	6.98620e-02	5.90757e-02	4.60111e-02	3.94269e-02	7.90985e-02	5.16968e-02	2.04868e-02	5.92408e-03					
6.19974e-02	6.15085e-02	6.02415e-02	5.72398e-02	6.05867e-02	1.53025e-01	1.32485e-01	9.43742e-02	6.49290e-02	4.63111e-02	1.96974e-02							
5.69385e-02	5.60025e-02	5.36074e-02	4.86867e-02	4.82996e-02	1.10458e-01	8.44758e-02	4.60298e-02	2.78873e-02	1.57896e-02	5.42493e-03							
1.11129e-01	1.08715e-01	1.02722e-01	9.08232e-02	7.31106e-02	5.92627e-02	2.81383e-02											
4.93333e-02	4.81181e-02	4.51413e-02	3.93272e-02	2.99883e-02	1.88461e-02	6.81450e-03											

Z = 18
3.62358e-02	9.33252e-02	1.20140e-01	1.26164e-01	1.26015e-01	1.19868e-01	9.33162e-02	3.65939e-02	3.74294e-02	9.78029e-02	1.25770e-01	1.28729e-01	1.20558e-01	1.02233e-01	7.42692e-02	4.69635e-02	1.66729e-02	
9.09043e-02	1.08927e-01	1.17912e-01	1.18871e-01	1.18697e-01	1.17589e-01	1.09012e-01	9.21838e-02	9.46351e-02	1.16814e-01	1.29436e-01	1.29791e-01	1.20341e-01	1.01238e-01	7.30387e-02	4.59346e-02	1.62541e-02	
1.19230e-01	1.17937e-01	1.08617e-01	9.03759e-02	9.01722e-02	1.08142e-01	1.17921e-01	1.21008e-01	1.24816e-01	1.30410e-01	1.33676e-01	1.30685e-01	1.19138e-01	9.84435e-02	6.98764e-02	4.33917e-02	1.52374e-02	
1.26248e-01	1.19880e-01	9.28193e-02	3.58851e-02	3.57224e-02	9.20265e-02	1.19263e-01	1.27439e-01	1.31767e-01	1.34311e-01	1.34338e-01	1.29322e-01	1.15236e-01	9.19864e-02	6.33508e-02	3.84836e-02	1.33389e-02	
1.26152e-01	1.19759e-01	9.26589e-02	3.57403e-02	3.54544e-02	9.12029e-02	1.17927e-01	1.25504e-01	1.29017e-01	1.30517e-01	1.29238e-01	1.22369e-01	1.05731e-01	8.10305e-02	5.31127e-02	3.08994e-02	1.04742e-02	
1.19097e-01	1.17773e-01	1.08314e-01	8.97563e-02	8.88913e-02	1.05769e-01	1.14288e-01	1.15770e-01	1.17148e-01	1.19300e-01	1.18404e-01	1.10197e-01	9.19778e-02	7.20900e-02	4.41632e-02	2.19134e-02	6.89156e-03	
9.10447e-02	1.09259e-01	1.18196e-01	1.18576e-01	1.17182e-01	1.14373e-01	1.04169e-01	8.60684e-02	8.50163e-02	9.94361e-02	1.03677e-01	9.50314e-02	7.55695e-02	5.51724e-02	2.91058e-02	1.01312e-02	2.65094e-03	
3.66853e-02	9.49473e-02	1.22358e-01	1.27819e-01	1.25822e-01	1.16844e-01	8.83505e-02	3.31386e-02	3.12422e-02	7.49810e-02	8.82171e-02	7.85025e-02	5.92040e-02	3.97479e-02	1.57249e-02			
3.76012e-02	9.75462e-02	1.26336e-01	1.32287e-01	1.29474e-01	1.18345e-01	8.72941e-02	3.11640e-02	2.74469e-02	6.41790e-02	7.29317e-02	6.17314e-02	4.37617e-02	2.72911e-02	9.64076e-03			
9.57576e-02	1.17384e-01	1.31284e-01	1.34999e-01	1.31123e-01	1.19923e-01	9.96998e-02	7.30069e-02	6.22622e-02	6.42512e-02	5.86199e-02	4.91010e-02	3.22172e-02	1.71483e-02	5.68119e-03			
1.25461e-01	1.29921e-01	1.34415e-01	1.35076e-01	1.29858e-01	1.18825e-01	1.03755e-01	8.75864e-02	7.22594e-02	5.83783e-02	4.41041e-02	3.24806e-02	1.82269e-02	7.13752e-03	2.05827e-03			
1.29571e-01	1.30577e-01	1.31474e-01	1.30077e-01	1.22939e-01	1.10462e-01	9.51847e-02	7.87881e-02	6.20822e-02	4.91962e-02	3.26270e-02	1.88338e-02	7.39663e-03					
1.21440e-01	1.21194e-01	1.19977e-01	1.16064e-01	1.06385e-01	9.22122e-02	7.58758e-02	5.97494e-02	4.42560e-02	3.22870e-02	1.82549e-02	7.42135e-03	2.21466e-03					
1.03085e-01	1.02074e-01	9.92863e-02	9.29176e-02	8.19879e-02	7.27619e-02	5.61433e-02	4.09654e-02	2.81130e-02	1.72823e-02	7.09158e-03							
7.53647e-02	7.41120e-02	7.09254e-02	6.43921e-02	5.39619e-02	4.45083e-02	2.95438e-02	1.62763e-02	9.95681e-03	5.69327e-03	2.01753e-03							
4.87289e-02	4.76514e-02	4.50086e-02	3.98880e-02	3.17542e-02	2.19784e-02	1.00435e-02											
1.73193e-02	1.68772e-02	1.58100e-02	1.37988e-02	1.06808e-02	6.79221e-03	2.54047e-03											

